370288000
373211000
450562000
357933000
209219000
357528000
316037746
441244000
351560000
355505000
351379000
373622000
354378000
249091000
316034372
356056000
249919000
548315500
548417500
755003694
372801000
271000935
374331000
372415000
671075100
671371000
370313000
431000393
273434080
273347820
273148310
248803000
533180088
255805816
304460000
273414550
231132000
538006033
538006035
538006036
538006034
417222458
405000216
355509000
276260000
538007956
237005900
215462000
241496000
477926700
431011592
372324000
431891000
354959000
431000963
431300167
341915000
341914000
218350000
636015873
440516000
230938240
431004022
374860000
235075032
235099749
247047200
538002652
210102000
431501643
431500448
431002386
431003651
720899000
304256000
219623000
245186000
636091273
636018390
319140900
215359000
403701210
422880000
422016800
431401925
431401036
431000605
538006500
215983000
447156000
372936000
367309120
455366000
357505000
567053000
371883000
372100000
440829000
248416000
538006702
258364000
677079700
213444000
667001716
636013578
215069000
357081000
419331000
538006068
419001302
247404600
351952000
431000629
636008475
636005411
372728000
431005655
431301595
431301706
431003537
431000661
431000301
548947000
413367780
563015300
431601949
431401807
431006807
311027500
431004417
567074000
237033400
412054640
367023480
353421000
229109000
367347650
366760680
366284000
457865000
355542000
414236000
414354000
538007927
414255000
414277000
414341000
701007053
413375950
257099000
232014705
232014706
235101811
257874000
305269000
257734000
241216000
310698000
366771550
311000303
209106000
247051400
440360000
710255000
238299640
525010323
372025000
422914000
422052600
422052500
311000558
312637000
525021383
271043437
311000816
422056400
503604000
671045100
370577000
431300106
477043300
273337600
273417870
305262000
248238000
477389900
319956000
525120008
574000740
565961000
538007801
273337920
574000690
574246000
373249000
246430000
319045300
331142000
636091445
710495000
671978000
374616000
271042494
345050078
247061300
304523000
423047100
423047100
416476000
431000445
311603000
366945000
366892350
366396000
230987660
659061000
566995000
366610000
256072000
367141680
416424000
338272000
431007132
234641000
224100000
305627000
273395480
636012754
375156000
636018944
538001665
533050700
533041500
636017493
636016304
636017044
248082000
636018023
636016819
636016820
636017100
636017101
636017043
533056600
533836000
636018940
240498000
319048800
266475000
245989000
258283000
311000385
248681000
367008770
367838000
374228000
224003210
636018941
636015456
477252600
373934000
419078800
419000230
353181000
636015407
352901000
319768000
373664000
538005060
353244000
477814400
371346000
636015776
477974000
636015834
319767000
248745000
247330500
371394000
477848400
249779000
538005166
477399300
247329600
538005584
538005813
231794000
477409000
249778000
351696000
477114700
538004188
538005167
353952000
477881300
538005015
372151000
477217900
477476300
353962000
538006100
207372000
255805884
538005786
538005782
538005785
538005770
538005780
538005771
538005779
538005772
538005773
538005781
538005775
538005777
538005783
538005776
538005774
538005778
538005788
538005784
538003853
538007786
538006894
538006895
538006890
538006891
538006897
538006892
538006896
538003678
538003677
538006764
538006762
538006763
538006761
538003852
538005992
538005991
636012755
636016104
538007722
538007981
219005000
219006000
219163000
355211000
366741180
273156600
219007898
525015749
636016396
636017409
572728210
636015939
636016658
636016659
636016660
636016661
636017410
636016397
636015946
636014077
636015945
525018229
636015942
636015943
636015944
636017997
636015187
636015188
636017417
671705000
636015937
636011290
311478000
636011282
636015596
636015597
636017412
636011289
636015940
309198000
636014078
636016399
636011288
636015941
261187000
636017416
273342100
273275000
760001120
538007990
538007986
538007989
538007987
538004897
538007991
538004933
538007988
309432000
309829000
308293000
215442000
311020200
311092000
311582000
372084000
352892000
636013656
370380000
538007628
538002733
351539000
229571000
636018658
525120011
636017738
256642000
353212000
356408000
373188000
354368000
538007610
351190000
372755000
353933000
351335000
373131000
373046000
636018038
354552000
355748000
538003252
538003274
538003278
538003407
563008500
538003180
372160000
356704000
636018471
374804000
351546000
229570000
371201000
372270000
249954000
352690000
371623000
240149000
371048000
356865000
538003035
357783000
373997000
240148000
357396000
538003651
373216000
354700000
370604000
373526000
356221000
374305000
352775000
356726000
563335000
636018904
229568000
373397000
356276000
373277000
371638000
370290000
372729000
372895000
354391000
373325000
372070000
636015094
354394000
353478000
373759000
566854000
374092000
538003104
353101000
370435000
538008152
371626000
636013655
372859000
229569000
636018311
215735000
636018069
636012807
636019186
351522000
538007617
538007622
538002734
511658000
511654000
373001000
255805881
477219500
671170100
565615000
247448000
241338000
241052000
237018200
273374720
352815000
351847000
725001001
271045428
405000217
271002147
373097000
271002709
271042815
271043058
422053200
355008000
352005000
229347000
371180000
229032000
229264000
356961000
356628000
357110000
373865000
371868000
211227510
403506000
403513001
636017507
403508001
403516001
403527001
636017508
403510001
403580000
403511001
636017494
403506001
403502000
403505001
403579000
403518001
403515001
403512001
403503000
403500000
403575000
403528001
403507000
431110000
403517001
403529001
403514001
403509001
403581000
403501000
636017457
567002340
431721000
271000768
538008453
248442000
209852000
229196000
601160000
248534000
248665000
209851000
636019036
636016438
239945400
214182740
311000757
271002603
271000583
212172000
209748000
355969000
247223700
311986000
636018945
636016695
308122000
229214000
235031428
419537000
419099900
311000177
249390000
355847000
273418700
273417100
423076100
273446860
273342700
272775000
273347800
273344800
273342800
422036900
432519000
775048000
374960000
271002427
219000899
671864000
219848000
636092053
671090100
636091308
319073100
228327800
240179400
538005438
271044031
370208000
538006917
351275000
357649000
636013234
209403000
273453310
352656000
566746000
374352000
273339840
538007921
374475000
636018942
278645000
273354430
273435870
374475000
236111629
236603000
219330000
250493000
232012756
225985429
572912210
538007957
518790000
253532000
257356000
511514000
311045300
215170000
248598000
636018155
215188000
241298000
256575000
256488000
248549000
241242000
241241000
357079000
236491000
636019079
248406000
215912000
574498000
241319000
256049000
266476000
538006998
423081100
352700000
356072000
273416640
273433400
271002456
319672000
273458300
422035800
314152000
230987350
230965000
304011028
305620000
636015048
636018365
636012507
370115000
249759000
319278000
356642000
576212000
247047400
212740000
305287000
218492000
538004586
211267710
273419310
538008106
577330000
273438680
273439680
341345000
273310040
273313780
273351280
273350280
273350190
273359980
273333560
273334560
273333880
273426540
636092440
319731000
247148700
247301500
636012577
325965000
636011640
271042759
305263000
636013683
352151000
636014107
529901000
636013708
374459000
636013611
354717000
371458000
636091237
373627000
477932700
357557000
352566000
636014638
357074000
370713000
477111500
440775000
431602232
636016993
503561000
538002085
636012275
355234000
636017294
312269000
441509000
538002086
538002087
477196600
477129400
373746000
538002088
477810200
477641400
636014204
372777000
538005741
373922000
538008155
351247000
355800000
477127300
477848800
351932000
372713000
477326300
352246000
477439400
574310000
416195000
538002220
477049600
372865000
636016451
636016450
351792000
636018294
351004000
477127100
373022000
249348000
371926000
441586000
538008237
477585100
372916000
355928000
351735000
565974000
356828000
477477400
235117808
256973000
441603000
544106120
239772000
352620000
477174100
538008295
353837000
372688000
636017589
249860000
205526890
366914190
366594000
256976000
356548000
477013900
440814000
373915000
667001385
477257400
372556000
636018067
636017774
374245000
357722000
636016994
636011789
312194000
212167000
525015734
351700000
314032000
370383000
538007649
209811000
477177700
477002400
477224100
477915200
477348700
477439900
477692700
356005000
431602207
351837000
477995227
477995189
477995786
477390700
613003554
366912570
538006242
366983080
636014478
371382000
477712900
477477900
351922000
477932600
357288000
740372000
366942880
357929000
355624000
636017773
477148100
457550000
636014203
636016519
256520000
636014485
355262000
312376000
312200000
371247000
477150500
356088000
477096600
538071225
518100278
312808000
440622000
441574000
529770000
477477800
538007769
256525000
636012703
477585600
356160000
440140000
440075110
441935000
431004149
357340000
636014637
355802000
477127200
636018673
304217000
205073000
477181600
636016323
371592000
636014989
636016697
477173100
312043000
538007845
477462300
538007374
636014990
477737900
214182736
370033000
477095600
367008090
538003775
357411000
218776000
354228000
248893000
431300724
273341330
257253000
219955000
244820968
564882000
235108514
613003579
211332630
677017100
309336000
256941000
215128000
312944000
312081000
232006087
503700000
574002340
574002680
574003540
574004230
574003480
257190000
617010200
257412000
351983000
413543000
477237900
403588000
253450000
431402061
431011093
431500254
431003232
431013052
431001380
636018664
367393840
368615000
636019431
316012834
304010851
219857000
240995000
210698000
311326000
247192800
235059768
366774330
235090269
219856000
241528000
239984000
239861000
277336000
258461000
636092498
246648000
244579000
244140580
657912000
657163700
538004193
311000125
311000203
309928000
351728000
518100296
271002124
374149000
565817000
273419280
273444350
273445350
511087000
304111000
273347000
538003719
213400000
249803000
636015063
636015017
273382350
538005149
273458910
374332000
357726000
354519000
431501753
431500285
431500785
431400324
431400239
431006711
431004494
431000214
431300001
304030000
305733000
273438710
636013377
237593100
237026700
538005791
538005146
239793800
214182727
357388000
373940000
538007280
273399950
518892000
273381530
273824020
356770000
620382000
273359970
273842510
273345950
273413550
477327300
209351000
636015562
273211500
212914000
213584000
538007939
671019100
354692000
636019307
209616000
209576000
249186000
538003742
246472000
548921000
256683000
212499000
211343680
538090448
266468000
273350170
636015990
477995163
645147000
247239700
209075000
230681000
271271044
377764000
304244000
256736000
319133700
273399590
636092260
565189000
370475000
247174500
319016100
477389200
357449000
477764400
211382280
566181000
477593300
477628100
477335500
414377000
477308200
371078000
412663000
412666000
412667000
412077340
413258000
413356540
413358920
413358930
477057400
477023200
356074000
431008976
357892000
353814000
431498000
538005955
431010465
636015498
237470300
311108000
319222000
403536000
271040669
622123403
311062800
431004083
431500248
431602343
431683000
431000572
431009602
431001006
373559000
431101028
431007327
431501863
240672000
241359000
538090534
241377000
237015200
240389000
241212000
240558000
241470000
241385000
538090550
241354000
236590000
240849000
339435000
564341000
311000301
431100205
431000592
431100969
224296000
273240700
374729000
470773000
224264000
667001460
273442410
371381000
211221950
257781000
244735000
219387000
257060000
257016000
477325400
352788000
477325500
574357000
538006164
316007855
538006163
345070286
345070233
345070268
345070275
345070220
345070273
657102900
345070253
431001112
431007778
431003681
431007738
431002306
431009557
440105380
431000308
538006552
441337000
356471000
431501756
431000826
431401857
431000859
432364000
431000563
441242000
440124160
431004049
441102000
441862000
431002151
432621000
441680000
431003374
431000435
441926000
441645000
431600379
431903000
431038000
431002314
431006666
440832000
369912000
440204000
525015960
257038990
636015465
205667000
620604000
636015382
636014475
352650000
636013175
636012846
636016111
371387000
636011836
636015375
431127000
636013176
354359000
564912000
259976000
538004091
538004709
319038000
538071386
246523000
311000579
431000828
422394000
367309280
368049580
248371000
316036132
436000012
248413000
538007669
538007668
258747000
538007152
538006274
518100544
620449000
246028000
244091000
339824000
245457000
244006000
244650165
205527490
211538490
219884000
259677000
214182023
246213000
257152000
310362000
311028500
351784000
311028400
257785000
258648000
354915000
565659000
316024306
636016918
212659000
671063100
567170000
567383000
567168000
231839000
311000625
255806173
255806157
255806194
255806172
220513000
566367000
245157000
231051000
374546000
220617000
353627000
355256000
249171000
563044900
373334000
563132000
566610000
255805927
538006000
357960000
211265910
266212000
304779000
211782080
211576900
305901000
236262000
236265000
258265000
659035000
566183000
370687000
215317000
258238000
246512000
258343000
370058000
211222960
357252000
219290000
219511000
538007203
219512000
219289000
356490000
257810500
219719000
219291000
372825000
219000141
244868000
211574000
242543300
230275000
244201000
309586000
354913000
564390000
304334000
219152000
636092705
538006087
564431000
219151000
564435000
538001820
372267000
319130700
525024131
357725000
636019074
636017802
636019075
636019417
311584000
636014868
538007570
636092830
319099600
538001786
538003713
636018581
244093000
230938880
246606000
311778000
311817000
565430000
636018915
319058800
210035000
564520000
636018644
636017803
636091633
636092803
220384000
538003862
232006748
636017517
319098500
258781000
636017907
636092675
219153000
220298000
219156000
219154000
538003776
538001711
220236000
636018580
220234000
220235000
372721000
374322000
356364000
373428000
356986000
373437000
357629000
538003863
564517000
319099500
353140000
311585000
564429000
257942000
257941000
319099700
636017918
319070500
258715000
319095200
319067500
319095100
636017617
538005929
258714000
636018554
538007379
636018641
636092902
311026700
636092177
258670000
636092706
636014869
316337000
355784000
354828000
355242000
231400000
355284000
563030100
212185000
212744000
374282000
258104000
563053200
305888000
259330000
563008700
548962000
372611000
211214980
249351000
229324000
255806138
259139000
219174000
565885000
248728000
210857000
210535000
212032000
219242000
374767000
374171000
257334400
566550000
373694000
210979000
219194000
244962000
210333000
372431000
255806156
370686000
255806048
212814000
353941000
563706000
563029500
255806058
355153000
374279000
355853000
212289000
566878000
256117000
255806155
249172000
538004539
354040000
372044000
229323000
372666000
211224140
256118000
210284000
372024000
356747000
355773000
257035960
219120000
564359000
219011865
210161000
258360000
566739000
565579000
219149000
257276000
273376490
258152000
210473000
566619000
563573000
219598000
219602000
219603000
564637000
219605000
255806213
352031000
249893000
355378000
255806049
563076400
564896000
357997000
372246000
255806154
220000000
636016740
636018824
212084000
355481000
249094000
373795000
273390940
210242000
355857000
538002783
366230000
209063000
258657000
565183000
538006426
258656000
235069571
636092659
636092773
636092756
273310730
431003089
259143000
671153000
256161000
671932000
235078558
367074840
304210000
259989000
258363000
235077315
257283000
257820000
258597000
258533000
257961000
257468000
259868000
258153000
566522000
258609000
258759000
227273000
228237700
257583000
258528000
257044000
257001590
257793000
258556000
259198000
258987000
258612000
259866000
257291000
259807000
257743000
257039230
258032000
257463000
257587000
258594000
258532000
259961000
257062690
258728000
259941000
259231000
257982000
257064980
710003921
258377000
257428000
257337000
257498000
259227000
210620000
257551000
710001540
258203000
258607000
366665000
247758000
258763000
245460000
636091307
235094204
304010253
212521000
231200000
265522430
311000805
258430000
367176270
316035893
538007721
230652000
565729000
538003032
538003031
538007665
230653000
710003329
258829000
273350540
273853400
316032519
258613000
441552000
257184000
257219000
538007753
316194000
316022149
230364000
236588000
636091346
636090654
636091525
636091291
636091347
636091524
636091784
636091448
636091449
636091527
636091783
636091526
273392860
368085000
316014054
636091381
636015109
636091384
636091385
636091184
538007592
211744000
366046000
255806039
255806170
255806034
255806169
255806038
211693000
255805665
255806105
636091800
265760070
538004293
255806077
255806078
211779000
211801000
538004294
567494000
636091835
636091717
636091716
636091833
636091832
212451000
255805666
235090402
244850087
511686000
316036676
255805574
255805576
255805584
273399340
259243000
273425630
249335000
431301776
370314000
258895000
235056391
257491000
636017501
248973000
258955000
248970000
259362000
249689000
248114000
369285000
370801000
219024883
518100216
367363350
367108540
503000050
503002000
310028000
310171000
503000051
374758000
263601000
565938000
257716000
636018754
258761000
311000408
311000710
311050800
311307000
311018500
311000341
309951000
311050900
308416000
311827000
311000599
309653000
367368250
308865000
311746000
311082000
311109000
538007121
431359000
231841000
354432000
304743000
248017000
373358000
636018458
219812000
248754000
667005111
319867000
215976000
209157000
676004600
306752000
671891000
636013839
238190840
311000787
259085000
325955000
273432340
209509000
273422100
273384970
229069000
273384210
538003199
224069930
273440590
212715000
566850000
538005892
710493000
710494000
470090000
470284000
470337000
470642000
351887000
372841000
567394000
567001350
567000830
567324000
338046000
367124390
338056000
367486370
538004418
636014194
352111000
636014191
636014189
636014193
636014350
636014352
636012659
636012853
636012381
636012384
636012661
636012855
636012854
636012383
636012382
636012662
636012660
636012856
351196000
351236000
659381000
319058100
636015650
371551000
257952000
354737000
357305000
374918000
352503000
319060600
353258000
636013274
636013272
636013273
636013275
667001726
372482000
372064000
257243000
636013277
636013276
636012897
636012896
371763000
351043000
636012464
352943000
636012801
636012465
636012800
356134000
372998000
373072000
374235000
431977000
353349000
351193000
351741000
431374000
636017703
636018455
636018559
636015651
354361000
710242000
710256000
710254000
563482000
434115100
657115300
636018943
240048000
240006000
224055440
224133790
219655000
316003790
538005278
367309910
231145000
518100029
247106500
525020021
271000926
271043810
271042638
354434000
441905000
371251000
577094000
354741000
525015795
525016458
525005357
503009000
256801000
577328000
259511000
258221000
354848000
354135000
353295000
356872000
354614000
565807000
538002992
370651000
353274000
565963000
636018222
353025000
636018189
372319000
371425000
355259000
563589000
566259000
566335000
566002000
564938000
563119000
352375000
355087000
351863000
354813000
636018223
354212000
354891000
351249000
352822000
563061300
431772000
356629000
357175000
371449000
563079000
563758000
353690000
354928000
636018225
370959000
372052000
372218000
372512000
372531000
563025600
431888000
210438000
240929000
257040600
219954000
259713000
