316034095
259679000
258314500
259991000
246441000
319854000
373151000
259737000
218797000
259988000
212838000
422058700
219170000
253477000
244620981
257059800
273310540
311000338
511195000
538005483
247230000
215057000
273331910
247067400
305094000
257168000
255806256
725000830
636017874
540011300
229548000
310133000
225420000
235008329
354905000
636015874
273847300
305330000
255806257
209452000
205461000
370229000
273159700
366939750
273414200
636014696
375551000
244860000
272292000
273434890
273359470
273240600
273435610
355691000
273348880
273333950
273377000
215068000
314281000
229541000
538004759
241397000
563708000
564906000
265537680
215052000
215070000
247046200
247015800
247029800
247129100
247118700
247069700
247109500
247042800
247078500
215065000
538005557
434126400
564471000
565869000
538007496
229458000
353114000
218833000
275093000
229804000
215071000
215063000
314488000
215036000
215054000
229467000
238151000
215035000
636017139
245930000
564344000
566241000
533000763
255805625
273456240
311000591
538006968
273331620
244736000
249932000
257194000
265520400
244670357
574534000
244660114
246141000
244561000
565060000
354084000
229598000
257871000
244660111
319724000
257871000
636018533
636019143
636016563
636016244
636016520
563774000
577946000
557936000
419001386
657144100
232000550
210950000
273343920
548886000
636018199
312189000
231021000
257076850
259650000
273352760
258434000
538008158
271002685
275187000
230301000
207136000
577391000
244171000
263672270
357238000
273449450
235035113
311000891
205744000
241597000
272085000
273149510
273845800
273848100
273527800
273324400
273429140
312047000
273345020
636092589
237357700
229825000
210256000
209607000
265191000
351182000
271055005
311000612
319718000
319808000
548889000
219110000
273133100
227006760
228293600
377298000
224285000
225401000
211690000
211208350
228279900
355764000
228299700
227006770
228299600
228360900
224161160
227023200
770576364
375488000
249188000
211334830
224172000
225984998
228284800
227272000
228293700
373565000
228287800
227006780
224150720
225373000
224465000
224096000
224248000
760002530
211318770
211282710
228287900
224739000
256919000
244615184
249933000
255806243
255806242
235089913
235095836
616409000
235089912
235094625
235094626
273399580
244700788
235081933
246506000
244694000
419001222
341599000
357322000
273211900
319078200
214181505
276832000
373580000
636092238
636091790
636091206
354224000
636092525
636092714
636091919
636092491
636092526
355948000
636092046
636017659
636091920
636092662
372351000
636091585
636091665
636018849
636092527
574304000
636018925
636091792
636092741
636092660
636091666
636092624
225346000
224013000
225442000
259237000
355412000
214182114
238295000
367172910
273320870
636016219
259514000
244865000
235093794
234429000
210914000
248434000
249812000
249677000
215520000
247160100
249147000
258944000
636015064
249969000
255805657
636015952
248457000
246347000
257067000
273455590
249576000
312791000
431800389
538007359
219014579
304418000
219115000
357677000
636018081
215419000
215418000
215416000
538007948
319024700
525200105
378365000
232013925
305994000
310562000
256080000
636017144
370941000
636018584
636016844
636016892
636017344
636016891
636015777
740354000
257239000
316250000
636017307
356393000
725001586
251426000
341540000
572910210
677010700
319327000
371741000
357755000
235103765
636013286
538005634
373362000
212139000
209941000
209786000
237023300
659427000
431824000
353405000
636015032
354925000
257028700
224020340
273443550
256579000
214182713
636015320
255805553
355135000
218627000
577423000
577355000
351299000
701045000
209214000
538004546
636015686
377101000
238265000
259517000
235007990
563432000
525005339
677080700
231131000
215724000
636019054
241571000
250004905
209103000
235007440
240388000
241349000
257261000
228032700
645160000
273447380
238297000
538006057
259491000
229012000
249671000
265509950
246279000
257445000
219000035
375103000
367563000
258478000
725004270
259209000
257599500
231136000
538005740
219477000
258295000
219730000
311000772
311000386
341376000
259683000
231167000
258381000
304509000
247091800
316014210
273295700
247222900
256020000
353838000
273351450
273357860
273359170
273350270
273353180
273355680
273356390
273353450
273354450
273355450
273359560
273350660
273358860
273355270
548902000
312062000
271055014
563043400
271055018
232016199
701006160
319129000
248983000
319075100
345030015
710074009
244650545
477993600
235074591
371008000
636092820
219010747
636017620
215729000
205604000
227010940
277550000
312060000
616715000
255805551
253181000
218162000
345070372
312060000
273330720
276519000
374427000
533004840
351103000
246029000
235056276
306258000
311037800
212259000
339300720
477514700
374069000
235070466
572251220
503795000
232015630
277408000
353784000
205509000
538008544
636017690
356541000
235007480
312503000
209110000
273345930
538004915
450548000
209299000
636019313
354791000
311050400
311050300
311008700
362211000
352382000
548300500
477043500
235008290
357544000
339779000
238100940
224123820
309695000
229003000
257312000
657161700
218355000
477051600
574333000
574002180
574003110
574002140
574114000
574452000
574202000
574013003
574004330
574403000
574937000
657898000
230914000
235521000
232013162
240144300
636016411
538004890
352721000
251062110
230670000
276297000
319016900
525111004
312279000
239692500
273411340
245039000
273433220
273350380
366910880
565824000
316014750
563255000
258793000
258394500
258403000
244855000
259655000
565806000
266027000
566971000
565150000
564893000
538007385
566083000
564943000
566485000
257029700
258390000
258493000
230629000
257058920
259968000
563004700
258789000
566613000
564446000
377697000
257787000
564945000
257293000
258865000
564971000
219000219
372938000
259568000
258215000
566614000
272582000
259186000
257903000
257179000
710022550
235082944
259671000
276813000
259826000
636017300
636015565
273341110
259162000
259385000
620148000
215287000
636092044
636092489
273332530
273451840
265003000
272142000
258150000
247052100
228084000
211298240
219136000
370515000
574963000
220474000
574002190
577403000
574000840
370569000
574000160
574475000
351382000
574473000
574000580
574005000
574904000
574987000
574620000
574824000
566005000
367513050
538008306
538008319
247441000
247117000
265663480
269038000
257792000
231844000
231141000
431000431
257151900
574000590
368028510
238296000
244660393
259851000
273374740
265150000
305197000
240955000
352900000
212417000
353331000
311008600
255806258
255805552
567304000
701006097
257377500
244690482
775512000
224136380
725000625
244632000
548460100
310181000
256116000
636014089
440127000
572749210
377751000
525006222
373926000
356577000
370795000
636016272
620452000
636014671
376384000
224810000
311025100
245844000
265865000
258897000
265518260
419000310
419000177
419000175
419000176
419000313
419000174
419000304
419000312
419000322
419000178
419000311
366904000
319071800
257852500
311321000
311050700
255805839
224125140
574386000
357343000
219678000
567002000
304010455
374132000
636019187
354642000
636018967
636018669
273356290
209828000
355402000
636018805
231114000
352099000
710025520
710011750
249972000
248721000
253098000
566192000
354314000
256458000
247139400
273841710
253494000
272881800
273437550
273383070
352533000
538070849
258577000
356166000
319540000
265577470
271040635
319238000
351976000
701006332
224582000
228358800
356245000
567001850
567069800
273445480
273516600
273357660
238113240
477150100
636012814
273398970
477194200
273450850
273332380
273312530
356217000
273819700
209389000
273455520
273815000
246625000
244376000
244964000
244850612
244928000
636018954
352489000
352761000
374349000
352045000
566394000
566226000
419000149
574002700
228097800
228073600
228064900
273328100
232008636
636091700
636092600
636018551
211349270
636092602
636091701
305773000
636012508
273458650
230291000
244670002
229010000
710002080
636017875
257271000
341862000
341648000
341447000
341140000
273349230
225416000
224277000
224957000
224093000
224761000
225317000
224753000
224692000
224145000
225423000
224127000
224836000
258505000
259937000
253366000
245968000
518100106
518100167
273358200
246900000
219053000
273459650
273314210
273457650
620230000
273435220
273318700
273332400
273339200
273332650
667001290
273332300
273433720
677057000
273331200
373507000
373422000
273329100
373769000
373551000
273374780
273336300
273337300
273338300
273339300
371685000
312809000
273339800
273330900
273334200
214181706
273327100
273331900
273370600
273346210
273341210
273373500
273374000
374488000
273374100
273375000
273371100
273376000
273346000
273340830
273440820
273338930
273425240
273424240
273423240
273438820
273433620
273359420
273435620
273436620
273438620
273387100
273335500
273426530
273274000
273350010
273430710
273345900
273270200
273439420
273334520
273442640
273340600
273276100
273346500
273343500
273341500
273340500
273389670
273399050
241652000
319134300
258874000
244620196
257039730
419001213
245984000
419000848
244011000
245992000
620145000
273439520
273430620
273310130
273431620
273432620
273310200
356794000
257582600
518100192
245491000
244971000
725000629
212357000
244660862
258776000
236653000
236642000
236111903
245821000
574693000
574418000
574001890
574682000
232650000
235050631
235076082
235082004
235078284
235052743
235097311
235097314
235097317
235097319
235103022
235103023
235103024
235103026
233329000
235104474
235107437
247278800
235056546
235059199
234285000
244830168
244830902
244860549
236697000
235063065
246723000
245969000
236661000
236676000
235067282
232635000
232821000
247325200
357365000
235068568
232648000
246060000
244820666
244890845
244030181
244870060
232568000
246609000
247280800
247322200
236111872
441934000
272792000
671155100
273420800
511100166
232019711
232019715
247233700
232019712
232019717
273819060
236716000
235083457
233346000
235085344
235073828
246351000
319348000
636015446
232009818
538090231
511518000
374430000
525119032
538006191
311317000
308608000
273516500
574001760
548896000
576488000
548891000
210030000
548890000
636016318
636016227
636016266
219370001
273812710
245028000
353166000
356076000
232019341
232005015
574003410
574000810
351564000
574274000
574950000
574493000
574861000
574432000
574435000
574138000
574006000
248010000
273311680
238005000
247245300
636017050
538006383
224490000
269144000
