657133400
246912000
622121221
622121217
422814000
255805778
576984000
319003600
253454000
316001271
431010875
432841000
431005338
440315060
445120000
440437000
441249000
440425000
419001002
419001228
273350080
273331510
353946000
229019000
419060900
419001229
533130573
355416000
229344000
432855000
563190000
667005247
229773000
229177000
416378000
374640000
311000337
271044425
271043540
232326000
416009000
412023000
477728300
354932000
312222000
354168000
351822000
372618000
316355000
477035600
374938000
413955000
413271170
413271250
413978000
351812000
352390000
354740000
356235000
431400482
431301369
372978000
636017396
431300536
372506000
431007415
565620000
636019101
477768700
357499000
416100010
357497000
667001746
412462270
431501257
431412000
431300411
431011571
353921000
431301547
431001073
431301547
431501702
431003903
357772000
373291000
253609000
636017499
370966000
636019390
416011000
273432830
273397130
353482000
431003171
308921000
416012000
564933000
563029900
477013300
416346000
416440000
416441000
416442000
416443000
355432000
356268000
371545000
431001045
431005756
564043000
431003739
431000287
431010209
431301631
432968000
431201000
431006013
431500281
431678000
431007045
431300239
431008343
431100522
477899200
357527000
371850000
431009142
354857000
371651000
374458000
371846000
372307000
372195000
351767000
432306000
671897000
371565000
636016608
510057000
431401344
431004884
431001326
431400602
510061000
510054000
431402047
510060000
477620400
431401616
229954000
371992000
431185000
432831000
419001164
431385000
431012215
224356000
431011905
431283000
431301651
667001992
431400325
431300812
373575000
355348000
244394000
563059800
431501744
366932120
431561000
431300759
538003898
255805780
259129000
235079322
230916000
308599000
450569000
314440000
636017469
257613000
319027500
235009270
310051000
563004500
273348820
239786000
249769000
503538000
370385000
605086020
272283000
353900000
273459400
229774000
636016198
369613000
431003767
431422000
636012227
273512400
257758000
257565000
605266120
440063000
440238000
356150000
408535000
408670000
431000898
256974000
477250400
374935000
345200010
271044600
440311000
249831000
273330220
261006820
312288000
312629000
710015160
412461570
356778000
354984000
574013029
574002790
574013121
574013228
574003130
357484000
574003900
351467000
351040000
352800000
354738000
356461000
574002770
574930000
356082000
574003680
574003610
574003330
574568000
574002930
574002120
574003250
311000193
512000058
242827300
242127100
538004478
564090000
370168000
309787000
370502000
370766000
308741000
563214000
367594190
431057000
271055004
518100626
518100163
518100375
518100373
518100165
538008229
373100000
273351700
672748000
319179000
212694000
636092598
235509000
538003717
303849000
367219000
309542000
308986000
309541000
525023354
230212000
265550210
431096000
538004100
525013027
525013028
525013014
525013016
525113005
525013038
525016549
508239445
525013043
525016495
525013042
525013030
525113010
525013026
525013018
525013020
525013034
525013013
525013031
525013033
525013022
525013036
525013021
316091000
319949000
538002949
538002884
205335490
353399000
357839000
414070000
371050000
414728000
356158000
355927000
355690000
248692000
546013400
226070000
422887000
257672000
477030900
319091800
256428000
345070021
311000225
538002775
677062200
306129000
309847000
209375000
605246160
276158000
219015298
273323610
538008197
710033150
567463000
567226000
567513000
564018000
563037600
331036000
331479000
525019381
533130272
533180193
219432000
538006111
314477000
563025200
636092862
477864000
636092855
209116000
605046150
538007718
636014250
538003692
659470000
228287600
355814000
319035800
636091830
319801000
636015818
667001364
431006764
304067000
378375000
273350980
441737000
235074621
249773000
441737000
325873000
273350980
211286380
775622000
212490000
566095000
636016273
354992000
266232000
273428090
273421600
636012908
636016731
311000825
239642000
239858000
240050100
574459000
229009000
574277000
574294000
654227000
642136026
461000000
525100433
372812000
370215000
373605000
258317000
422088600
225406000
257084600
525020378
271044409
613002861
574004080
355253000
419000938
419001352
419000903
419000289
419659000
419001218
477035500
271002348
574003870
636017074
271002648
636017645
636017644
357142000
235102851
373774000
255805598
352910000
310706000
636015036
538008511
636014611
538007123
310708000
249533000
249445000
538006813
310710000
249534000
538007349
249502000
374312000
538005928
215322000
636011604
636012069
636012244
310712000
636012691
657979000
636014081
367133160
316021177
351915000
563912000
533000713
533004350
319132300
755009822
259479000
231130000
356433000
538004099
255805994
255803660
525003144
352116000
273381630
305760000
636018603
240903000
319451000
230234000
236438000
247057000
538006646
266471000
352310000
212657000
525021170
319315000
525003575
538002921
373364000
377944000
312275000
224392000
636092780
244285000
477537600
354592000
273445890
205366000
345070272
247230200
235000230
636015928
620061000
232005178
477010100
316001272
247294900
258312000
311029200
244084000
431009147
431006467
525300321
255805766
312460000
636017468
431285000
431300491
431600647
372495000
356999000
431402072
258696000
235006490
636092781
564121000
431680228
431005867
431005000
431009101
431875000
563571000
431562000
431100216
636016901
356562000
538002883
212260000
565985000
566811000
566514000
566512000
566513000
566515000
525119036
525119037
368133000
565081000
636092813
546017900
422034700
538002657
231093000
370696000
258435000
205063000
273452560
219805000
219082000
219076000
257333000
219008000
219814000
219775000
219081000
219083000
219554000
230942790
366692000
209396000
368503000
503779000
316122000
246507000
245384000
311000142
352332000
538007392
235087977
577325000
255806255
219162000
605076060
235009020
431001353
273359070
247043100
538006948
431001305
431002501
431100698
431002141
431002936
249392000
271002164
538006936
205008600
538006936
369037000
366163000
432440000
366595000
636010736
256916000
352366000
244870335
423012100
271046791
351910000
636016771
636016970
245737000
445527000
574000550
574786000
538004544
567001340
533391000
533399000
533791000
246329000
227297000
564575000
636018701
636018703
564388000
563377000
636018700
564728000
563672000
564019000
636018702
636018289
229609000
229710000
574896000
636015372
210258000
538008283
636018548
565282000
617092000
246887000
234789000
311996000
564603000
567012500
574461000
353723000
574248000
574003350
672708000
246091000
239361400
239371500
356750000
212597000
246064000
538004791
314204000
304011026
212301000
566044000
538070838
256122000
538005203
372787000
376639000
356576000
351597000
351199000
563081500
319425000
374394000
258749000
373468000
351644000
215607000
538004153
563220000
431747000
563656000
636017423
373366000
538008101
255804940
351809000
255806146
229343000
239597000
538002272
240521000
375271000
237746400
636017945
311538000
636015424
377531000
355723000
477937700
438607000
247391800
566426000
565452000
572745210
566457000
566726000
477700800
477792400
477311400
565205000
477938600
477598900
572556210
563087500
477700700
565453000
572415210
572841210
538007022
229711000
304011027
305761000
249808000
229477000
538004792
241282000
538008100
356499000
305178000
311000166
210426000
538006865
636014425
209543000
538005633
210713000
477937200
256393000
374780000
311213000
353979000
374455000
636015033
367161960
538003688
366920910
366345000
538007977
241456000
209143000
366996640
538003238
231100000
251604000
211246110
218389000
725001165
209029000
565929000
231074000
231013000
215006000
219741000
566716000
566985000
563053600
563056500
269668000
269021000
305077000
477712600
538005481
316015170
351308000
371046000
371153000
355304000
477017300
374291000
374033000
374799000
357304000
563029200
477307100
477196900
477167200
563039400
219114000
566969000
564853000
311000273
477185300
565155000
311000272
567556000
211232340
564731000
566274000
564794000
564415000
311000723
564756000
564798000
564220000
311000271
564411000
538007089
231085000
219573000
636016574
636017016
710002520
235018907
636016575
477791100
251427000
511854000
305534000
370367000
372950000
246295000
636018347
266248000
214181807
316023339
538007737
219696000
244013009
244020000
244089000
244678000
246541000
245610000
245934000
245573000
245902000
244878000
246257000
245461000
244734000
245689000
244690752
244046000
431602111
431401984
266463000
269217000
636016073
209588000
538006538
412714000
413095000
413760000
414310000
412328030
413492850
477588500
412746000
413301510
414323000
414251000
529851000
413493080
413489920
636014224
538005938
371559000
477559900
412713000
412478730
413965000
413761000
309686000
412466000
413152000
477588400
413099000
353360000
312381000
412478720
357911000
412800000
477220700
414221000
414384000
412658000
477915600
414304000
445598000
413493540
636019352
414303000
413762000
413966000
414281000
414233000
414439000
413494710
413037000
413763000
413379170
412076010
414113000
319346000
249530000
357020000
244750715
538007754
231840000
211225940
258220500
245086000
245746000
574000880
257114000
249856000
253447000
636092140
248223000
457397000
351349000
477407800
477427300
477142500
477831800
477348100
477669900
477831700
477317800
372177000
477631300
477478400
477477500
636018342
477802100
477669800
477832600
477142400
477631200
477334800
273385170
273332610
273459330
538003615
256217000
205440000
353161000
276824000
238115540
259805000
273396870
235508000
636092137
538008022
212571000
477280800
235090537
244909000
211317180
246521000
605086080
622120113
316013860
273330620
367409290
367082130
304843000
316001696
371617000
244198000
422861000
245301000
572939210
235061987
209241000
371699000
219001472
403557000
219057000
247042500
224025000
231336000
503341000
242924000
257397400
636017003
305087000
305573000
636011659
238118940
605086070
620052000
563022400
256528000
256536000
255806222
273416150
259895000
232008656
525016338
525015756
636092680
319165800
667001215
373781000
273354870
214182605
366887950
272307000
273344330
239743000
249558000
310598000
235081036
248225000
356032000
311000110
262998600
247131200
259255000
249011000
636018663
477612900
305364000
503615000
422797000
247192500
251039110
244641000
257399400
246869000
538008565
211235160
574238000
271042693
370756000
657126400
657100100
657127100
657176700
574004200
574004380
345114006
345140005
567361000
567439000
525018171
273355840
538004555
271044408
538006096
538006220
352357000
257054060
374105000
564352000
431402028
431000622
219798000
251609000
249138000
671128100
432877000
372582000
431007803
224738000
232265000
308623000
308335000
308282000
309407000
308201000
710002965
431101024
518332000
277387000
353325000
431000411
354221000
432805000
431100272
431005219
432557000
431856000
431400378
431200143
431005321
431005534
431601677
431004653
431401318
431400048
431100271
431009496
431401849
431300334
373999000
636016248
211327410
432916000
477407200
311000453
564913000
563020400
248917000
636014596
352149000
276821000
503698000
564852000
503000091
261159000
371267000
636092678
248911000
249758000
511428000
538006920
538006509
538004650
538007101
538004550
538006519
538006521
257275400
255805602
255909750
247193500
256833000
503000125
576223000
431000951
538005148
271001058
211149000
357026000
503033000
525015088
525006241
431007042
215654000
412767260
412018530
413845000
312958000
414415000
414340000
413785000
412303150
351305000
412620000
477686100
312111000
312973000
312415000
413425610
413440260
445324000
312844000
412017370
414056000
413017070
312165000
413273520
416250800
413331000
412303160
416450000
413447510
413434150
319057600
577179000
258043000
538006541
249904000
259666000
636014499
229658000
273433510
271002718
538004284
657149000
423357100
273416650
657160900
538006537
477698500
538007103
273415650
434127500
538006334
538006350
434127300
538003761
434114700
273419460
272583000
538004814
434127400
657149100
423385100
311076400
256657000
311076300
352202000
374809000
373251000
273458860
311000520
710006540
248910000
372954000
565214000
636012690
259546000
235102583
248906000
273391550
564958000
564452000
564458000
563399000
563450000
564081000
566254000
566253000
563411000
564348000
566428000
220402000
220407000
220396000
220518000
564875000
220237000
565568000
220567000
565580000
565362000
220645000
220638000
566978000
565521000
565434000
563034600
563047500
220566000
565423000
220258000
220565000
220603000
220620000
220634000
220552000
564349000
220635000
219014000
220602000
219021351
565520000
220629000
220563000
220561000
565429000
220560000
563789000
220557000
220558000
220570000
564111000
563357000
563472000
563033900
220556000
220555000
564014000
564693000
565585000
564015000
564715000
564836000
565497000
565025000
219021350
565591000
258260000
636018687
272593000
235000940
258392000
538007174
273392550
248924000
310749000
566615000
271055021
355851000
314419000
247101700
248923000
209016000
636092782
636092854
671947000
249757000
258446000
431697000
432784000
248026000
566087000
248912000
431000166
636092442
538004905
219000615
247285400
247293500
377907128
576970000
431001357
422038400
477171000
248842000
422032600
277346000
477183700
273433290
431354000
431010068
440993000
636012318
677095300
248296000
248874000
353024000
355327000
357921000
431200683
432667000
431200688
371279000
432714000
431500399
431722000
431200488
431007419
431401968
431300401
351060000
374371000
432575000
355424000
431602306
416347000
538007082
564504000
412440810
548800000
215679000
245949000
219129000
374537000
538008236
244650331
273385110
636018618
235496000
503794000
372868000
355350000
370257000
372489000
355973000
219797000
366082000
636017033
563026400
563020200
636017034
636017036
563030090
636017008
538007720
355136000
378113155
248110000
259299000
574222000
370089000
574101378
257310500
319013600
319059800
311041700
248614000
457900374
548937500
548583300
229125000
249865000
209377000
273317910
311102000
564469000
564364000
256549000
574007000
248907000
248888000
248908000
356328000
249962000
248886000
372789000
477851700
477982100
353329000
356143000
356468000
357217000
356948000
371522000
371797000
371320000
249913000
248889000
525003166
525004138
525004139
525104001
372849000
212518000
258627000
677025700
667001827
258615000
258614000
373489000
577321000
236586000
229126000
230684000
245981000
353589000
211226450
306704000
636013748
316005974
566342000
249863000
255806266
249637000
354749000
210974000
211262590
209221000
265012000
372254000
671801000
306130000
636016742
367165450
372325000
247107100
247112500
215432000
636018547
255805985
232016793
246867000
257013700
525074431
244013654
273450080
538002594
538006166
538006611
636018040
538006789
538006856
538006934
538006542
538006547
538006546
538005769
538006545
538006544
538006543
636017994
636017995
224190000
371415000
636017110
229963000
244912000
244033000
378379000
319764000
357044000
419791000
357502000
477274600
218705000
636092466
305486000
257108000
374165000
253272000
725001523
565847000
244673000
538006699
308759000
353392000
503609000
244810209
370668000
316302000
525022175
377901037
245351000
538002543
305948000
319058500
205394390
645350000
470917000
353129000
211249300
244469000
440135400
257668000
236673000
235114368
636015790
538070070
257668000
371862000
525018395
245237000
355806000
357795000
636008972
356027000
370625000
353506000
356829000
636017611
309459000
306132000
352062000
538007011
538005594
259612000
238179000
636011643
258465000
538005874
760000470
257131000
258306000
235102712
258170000
235110776
235108602
311013300
258467000
257825000
538008471
701006263
257559600
257015700
257053350
257194400
257191400
352637000
351397000
259142000
231036000
357987000
431423000
311088000
351794000
312815000
375939000
351032000
377901024
377912000
377908000
377906000
377909000
377911000
375902000
375903000
377913000
275491000
255805844
215964000
538004190
353920000
538006041
265579090
219964000
636091888
269075000
312945000
636019005
636018314
636018505
636015387
636016792
636018313
538007125
636017998
312548000
312624000
538005651
503486000
636017413
375056000
370857000
574002270
574000400
671882000
566064000
563129000
306009000
548918000
548920000
371416000
273359580
273348430
273332070
538004025
355696000
273426890
538007518
357254000
341560000
341555000
374519000
538006823
271045353
271002688
538006824
538007025
265318000
440240000
441622000
463033101
525019002
525019001
525019150
525200140
463033102
419000644
620464000
525019032
372818000
273331320
477995173
477858300
218063000
538007674
538007728
548413000
657124100
477159200
636019311
572156220
228123800
636019137
636018667
235107983
341817000
416023000
538007662
431003967
431243000
431238000
431004957
357693000
370716000
431400317
319937000
352091000
431006385
431401935
431401969
431348000
567554000
431004883
564454000
431163000
367841000
367214000
538007120
351160000
371749000
373190000
373805000
354520000
372390000
362185000
362035000
362184000
362029000
362181000
362182000
511100121
370303000
271043343
636092783
245050000
305140000
636092784
636018401
319784000
229672000
212049000
567001750
319790000
271044604
248264000
312854000
403703310
214182745
366866930
463913000
422032100
231220000
419000156
311037400
431301679
224069850
345140007
345070245
248265000
207822380
538090539
450550000
277548000
352325000
538007583
345070261
272591000
231049000
244321000
518686000
352241000
352894000
209015000
266247000
636018274
311069300
725000736
477636600
353394000
477319700
304924000
273444990
273346530
403051000
423432100
566441000
271002187
247074400
247604000
269025000
248961000
436000242
271044163
271073016
271043811
271044443
273434770
229664000
356423000
538006160
345070343
370563000
636015352
431011715
230018000
303267000
331428000
230343000
316037331
518697000
636013087
419000157
636015511
636015512
441674000
538004652
371477000
538005294
373558000
245881000
319117400
636015513
636015510
601034200
209294000
353490000
246014000
244815000
245263000
244345000
246485000
245369000
245390000
244567000
246075000
224079440
353770000
312590000
538004445
219230000
373897000
636015515
440904000
441596000
636017404
564263000
440601000
440629000
440883000
441415000
441631000
373844000
245889000
725001071
251001000
257684700
