244190093
345070056
538004494
205480000
538005245
253035000
209008000
636091813
229529000
228330800
775353000
249440000
229759000
256889000
367019880
636017314
241202000
538008466
273385070
273362290
375854000
229927000
319152000
258177000
636018091
235112536
244730469
538004443
246684000
244630415
244850116
377423000
246838000
244890901
246855000
244710969
215660000
244860278
244870420
370804000
244020435
533130946
372212000
373042000
233219000
538006850
370903000
563036300
319594000
538007235
244621000
247404300
441718000
256724000
256373000
209171000
244003000
319032500
305015000
246447000
245772000
319312000
538006352
371193000
377901022
304010760
538006903
538008114
636092195
244650177
319369000
636091612
636016276
265420000
212726000
671929000
214181921
574004140
440387000
232205000
353174000
215356000
353445000
256670000
470909000
319004600
236112126
373628000
244675000
229049000
244997000
565039000
256382000
538006527
246394000
246248000
319723000
319640000
374742000
667005027
538080044
371272000
574003740
319891000
273312800
319732000
319082300
356934000
671541000
374861000
319084300
636018886
574004040
319152600
319297000
636011661
241236000
677062000
671046000
319376000
353544000
352391000
305229000
314023000
319059500
370093000
319076300
538070743
620362000
319928000
309221000
319084500
561001000
244150000
244998000
620083000
245739000
245727000
373237000
356615000
372970000
377033000
249127000
356426000
273382620
677030700
671960000
357993000
370095000
351698000
357919000
319137200
538005170
232060000
273342180
667001564
319201000
314137000
312514000
319617000
374762000
355888000
211217290
370377000
667001300
367062340
259439000
319075600
538005536
338093777
314492000
224521000
244297000
231789000
538070819
617105000
725001472
215273000
636018499
273435910
256681000
229530000
248604000
463036101
544103120
224509000
253029000
255805792
305014000
548908000
311992000
440222000
566997000
352979000
356476000
210702000
205602000
370957000
304604000
366941210
636014472
636016445
565250000
636015993
355095000
440014000
304603000
311000899
441473000
304798000
538007282
440196000
636015991
636016205
538006216
636016206
477967600
229534000
319032200
548740000
636017137
311775000
371877000
725018100
224444000
576195000
371974000
235739000
311000098
636015008
432870000
229312000
319942000
245391000
273351820
657124700
209145000
565058500
563069700
563043700
247315500
574079069
636015503
576361000
477713300
511878000
209703000
311000766
259987000
259743000
219016938
211204290
258186000
305506000
305973000
211226480
211226490
211270840
211270830
227148000
205309000
257308000
259252000
258476000
574347000
414145000
538006404
636014631
567104000
375114000
564542000
566770000
538090400
305126000
305127000
305311000
305227000
305310000
305228000
468393000
256892000
238139440
256609000
219001819
308808000
538003027
636013468
238114040
353602000
367861000
477434300
538007574
376474000
636017387
229533000
259949000
671655000
354624000
538005556
220291000
710001926
351049000
308371000
253218000
235085368
229813000
238115840
229758000
224646000
205700000
232005401
371331000
238113840
236607000
357537000
247056100
247083700
255805450
636091610
257374000
671091100
567049000
354921000
246622000
319030200
319774000
224876000
273337810
538006090
230350000
677045900
305600000
247405400
636092722
236363000
219947000
247342000
255805890
319914000
565968000
565968000
353109000
248743000
356334000
235056239
232018783
303350200
503634000
319053200
352760000
538071251
316011550
214181602
219968000
578000700
257274000
244828000
419001233
372356000
269806000
431009156
353332000
255806108
357092000
377664000
312404000
273387810
636018983
636017126
311000235
231785000
304716000
229444000
273430690
273338540
273348330
273250200
319307000
229265000
371681000
229308000
538004530
366856910
525015351
525018502
525018500
525019562
525222000
525021282
525003330
525023325
247299100
356083000
636092891
636013354
271040197
311000356
533130844
371968000
477764800
477135800
246814000
247238700
636092889
373531000
578000500
578001300
578001100
412013000
227658910
244063000
576484000
412118000
338761000
214182426
518559000
355332000
219973000
636092430
209095000
578001200
366904950
371767000
250099000
210318000
576207000
253445000
211205030
636092730
370573000
601262600
354868000
248137000
311427000
319920000
338504000
371377000
370763000
357410000
538080081
374773000
374192000
636017071
310380000
253311000
209979000
412119000
316001216
276823000
338203000
258706000
257852000
314442000
304785000
257815000
305916000
232003597
314298000
414292000
414332000
374139000
253403000
308243000
250003146
412024000
615404000
578000900
356122000
412120000
246449000
578000800
244325000
236559000
210944000
212589000
212911000
412016000
304581000
236529000
564817000
210740000
538005073
305661000
273362090
538008334
538007975
273314230
276831000
229792000
375732000
533130401
538004332
316013946
636017306
354931000
356560000
671500000
374195000
357682000
241506000
249733000
538007451
316001101
538006105
645157000
256224000
248561000
373095000
636016036
636013645
240960000
249386000
229648000
620147000
214182412
273425710
636014351
374852000
244772000
304634000
370878000
636092873
357775000
235070465
259266000
636015403
645400000
241454000
636015979
576909000
256789000
677060500
354628000
566904000
355656000
229531000
248161000
373057000
567066200
636015065
636016127
370165000
371573000
441745000
240202300
563074500
247324000
256356000
231087000
412031000
354089000
258129000
235090927
250002868
412030000
234910000
338603000
578000200
253312000
219479000
636017865
248123000
636090866
319023900
247237100
273348830
636091088
538005599
351217000
253109000
412014000
564692000
255806245
230359000
237671800
236511000
257046700
636017872
215440000
538006969
374222000
636018671
249900000
636016165
218565000
636017843
457700000
211592740
211630370
218862000
273359830
538005801
311000913
419000299
564866000
370776000
374351000
563389000
533130167
351108000
565950000
219979000
266472000
412015000
412121000
304107000
538003786
271044978
311000466
636013794
215218000
257946000
377901099
247346000
538002879
210363000
245455000
413107000
412521070
412521190
412521180
477211900
477535400
305067000
413090000
413248000
413108000
671034100
477021600
413247000
477176100
413118000
413200370
412217992
351543000
256209000
636016461
617075000
305043000
735057546
735058815
319055800
255805480
228008600
636091203
232094000
319039300
367125000
431554000
232016692
636019312
369344000
338217000
338219000
355886000
369053000
477444800
309436000
369222000
368784000
368473000
366102000
440738000
538004952
567070300
277327000
377782000
533130667
431314000
205460000
636016093
538004051
247044300
642122007
219981000
414729000
273332020
312143000
413705980
677057000
671104100
354337000
372811000
413358160
414005000
273425510
247290300
273434530
271045665
441845000
246737000
255805250
538003560
245815000
229689000
259091000
257518000
305175000
667001413
256317000
273346080
211201450
377901071
636011641
258773000
351609000
636016698
273358500
538003294
357858000
249994000
312546000
538005792
564241000
325946000
431301606
538004159
636015208
371208000
636018513
273314040
341254000
538003513
533000116
257975000
309987000
256838000
636091829
636092161
304984000
354774000
636092331
218814000
370889000
357902000
671643000
671734000
511100176
636016897
636017593
341193000
306147000
310761000
210203000
574412000
214181418
477173600
311476000
525007132
525119023
368444000
316001434
576220000
440403700
312481000
538005841
235093505
366920340
230984000
273441420
576190000
636013177
352793000
351017000
219048000
367115000
367349860
258689000
255805609
372202000
636092319
246499000
219023617
356677000
314303000
710074018
538005723
366767150
667001900
235003893
316039286
245046000
245947000
244016000
414351770
230356000
477770100
230191000
304880000
477737100
312521000
255805791
244710237
373019000
518100539
229247000
538003700
373212000
538071291
249613000
538001826
229039000
247078600
413160000
257687800
374749000
305709000
304234000
372887000
636092890
367434320
304559000
245958000
256499000
305981000
304636000
248133000
255805675
310132000
636018713
247149200
247273700
258147000
636011285
538003630
231023000
231024000
231026000
231025000
257159000
636016303
548638500
636011642
636015548
701006381
311052000
413069000
667001760
518970000
229310000
636011850
275344000
218025000
277449000
354687000
244010952
257073000
215289000
236223000
258566000
477486100
636016591
636014929
667001741
273197200
311000248
246874000
214180810
235067266
357949000
372568000
244790091
366920310
419000208
251143110
371106000
377715000
273843800
636090964
636091231
273891300
417222380
538003661
417222305
538004022
538004551
210528000
209092000
538007149
538005370
538004342
538004090
538007150
310731000
310730000
310469000
310453000
228333700
308579000
310381000
310495000
310720000
310543000
309781000
538004984
538004980
533022000
310478000
309065000
311004400
310482000
310722000
311000365
538004982
247316200
310565000
432278000
311000583
311019200
311000420
310534000
370799000
310519000
431015000
431177000
310542000
310550000
310487000
311906000
310719000
310479000
310447000
310370000
311000760
311000439
357315000
310378000
432994000
431642000
311038700
636090486
255997000
351443000
232003165
235099237
352582000
372924000
374931000
235000141
235008928
232829000
235101635
235053239
351474000
636016044
224717000
226281000
256824000
352206000
354332000
257837000
636014739
258477000
257310400
525016737
525015881
525005227
525016528
525005297
710006930
710009040
710003840
710098000
525105001
525105002
525105003
525105005
525105004
256375000
247572000
441958000
538006701
245535000
367312010
368468000
257056000
538005550
277558000
375219000
255806261
636092187
219016555
542399110
520254000
520318000
525119052
215823000
565148000
256045000
316007853
636018688
236572000
725000695
636013613
538002924
310765000
372148000
311000455
309616000
636091196
305983000
538004656
538002958
367633000
304059000
304060000
256985000
574805000
574012181
244910000
246484000
312065000
244741000
354077000
566652000
367376440
316013990
574003440
574001050
244790509
414315000
371985000
246670000
477969800
246669000
245901000
246668000
244130873
319139700
259335000
259657000
244830782
339694000
259616000
548061500
548390100
548471100
548662200
538002322
312511000
636017607
232003690
371570000
235000295
232605000
319100900
636017745
370879000
565947000
356105000
249119000
538005244
370593000
710074016
247360800
240272000
636017420
218706000
725019109
319010500
538007231
538005853
636012905
620574000
354118000
538004492
311000436
256989000
238115140
257949600
259125000
245994000
261526000
636092893
212369000
354995000
266473000
354555000
370642000
357741000
667001444
441587000
235072313
538008325
305835000
636091776
565787000
636016247
636092892
636017138
305765000
219607000
338110000
636018112
366592000
256302000
316013356
304504000
316165000
366856070
209946000
247469000
235003170
354174000
477289400
248536000
538008370
266353000
258694000
371941000
538004405
354565000
371873000
563079200
374423000
563025700
356530000
372480000
563081400
563012500
351916000
563013400
352957000
563029700
563012100
563010900
538005037
563014200
564353000
563014500
351256000
370096000
355281000
563033600
636013564
636014964
419001375
312770000
229311000
525022064
525100545
525006189
525020431
636016188
525018505
356763000
548463100
239953000
419000974
431009327
345070332
636018861
636018862
636018860
477141900
477185700
477114400
236476000
236379000
236329000
236364000
236111827
236335000
236507000
525016717
374365000
232015678
419000205
277078000
357029000
671443000
538005257
238955640
477413500
311033500
255806272
247069600
373246000
370234000
273825810
366920920
372255000
253412000
244585000
701000871
271000677
316007857
565213000
263428000
370914000
511850000
374965000
354255000
511009000
356060000
565063000
355701000
352273000
319713000
256901000
538008376
372342000
636016825
671815000
416434000
357619000
248132000
355436000
563013500
354490000
511900000
574951000
636015936
511482000
357100000
374533000
565158000
373885000
244486000
305032000
246725000
376454000
248996000
374255000
235153000
413158000
249740000
255805619
211269580
565970000
218566000
636015775
412324880
273432870
311000692
269665000
304927000
775053000
247342700
224019470
566608000
255805685
636014111
367104040
255802950
371484000
403590000
345070295
355364000
538080097
564671000
370372000
538005062
371493000
525013039
525013041
525113007
525113015
525013017
525113003
525113018
525113011
525013025
525016466
525013037
636015589
538071095
231818000
319398000
220005000
255805988
235100877
372610000
257827000
577129000
255806216
211884000
477598500
576728000
441997000
257427000
355893000
247097900
244059000
257127000
311628000
563159000
319053900
257339400
636090856
368045710
538006826
224311000
269036000
636018250
311000467
477633300
256064000
548564500
229021000
247106200
357261000
314263000
636018494
229108000
255805793
228098900
636016585
538001859
636016071
376087000
518100565
636017798
273420160
255805938
431190000
311000468
311000360
311063100
311054500
