565218000
259733000
355073000
457183000
311000511
366978690
353414000
564174000
566172000
566301000
374890000
311000280
563074100
311000340
533130869
563074600
563053500
209414000
372920000
308073000
565306000
311000811
566996000
563759000
563326000
564939000
564329000
565949000
565108000
538004638
563027100
354348000
564047000
357586000
373373000
533130892
533130039
566453000
566539000
248669000
566644000
566690000
351115000
565864000
565862000
351010000
309806000
636018013
564774000
563936000
538004199
563213000
565526000
374901000
563393000
563553000
565770000
566776000
566848000
563035900
564745000
563099000
563591000
357461000
316001640
232000670
232000760
373375000
353321000
209005000
374091000
352578000
351475000
567025000
567495000
636017807
542457110
667001729
249680000
316028326
316028326
352466000
431400651
477685500
355530000
477176200
636091013
477194900
477866100
477435300
477334100
441944000
548916000
477739500
355337000
372009000
477173400
477759600
357780000
538007611
538005766
356458000
372095000
372343000
477903200
355057000
370675000
477328600
244347000
351818000
235113663
671181100
235113664
636017271
354907000
667003065
477652400
538007155
671974000
352812000
377385000
477547500
211523910
265523890
220497000
503000370
236185000
431007714
256185000
563136000
319360000
245952000
273335780
419070600
215390000
248333000
373882000
304267000
701068000
266308000
319130000
310593000
538005058
538003107
538003788
538008356
538006399
244110640
533180014
538006873
538006369
533180059
538006211
538004143
236111478
538005893
538007841
241616000
538007234
538006370
563039100
538007403
345050029
538005799
240689000
258994000
224209350
273441620
538003008
356973000
538008150
538006497
538008092
563039200
538004144
538005894
538003144
258079000
239864200
477030800
636019274
538002999
229845000
538006288
319009900
245482000
247374900
259665000
259161000
248418000
257204000
258245000
257270000
259912000
258712000
258647000
235507000
210278000
235102339
246716000
232006590
622120321
636092721
366971330
235082896
220501000
257549000
525015249
201100129
212230000
210776000
210369000
210779000
210013000
209343000
212229000
209255000
212212000
255803990
247111000
701123000
311000548
367002170
316020000
636014992
636092375
249241000
366971370
366930000
305181000
235076245
246846000
245278000
245257000
245859000
246179000
236453000
245098000
244630231
245497000
245547000
246788000
246872000
246873000
236452000
245483000
244703000
246192000
244810443
244790608
244790047
244810418
244790607
246802000
245471000
246236000
244239000
246367000
246593000
245465000
245407000
245072000
245926000
245070000
245017000
246498000
218615000
244543000
244620052
244650993
230663000
255806123
538008023
538007761
538003142
255806209
370417000
210083000
367836000
372967000
477534200
351495000
533040400
533001940
210043000
374525000
209785000
636017734
617095000
224580000
244060083
518812000
563060900
258010000
273825000
304520000
538003818
477224700
273445390
622113175
622113176
622135007
538007996
431501694
432370000
229986000
355568000
257239400
308606000
304521000
304469000
636019052
538001814
257017930
259405000
258729000
259221000
316014680
257808000
431004969
431011204
431400754
431100878
431402042
431005367
431003364
431001342
231523000
255805894
257320000
431004244
366938440
304010439
211491460
232003524
259253000
230935000
259529000
224430000
636016408
431501832
431000567
431003865
431011716
431007703
231118000
224202000
230980000
431101045
431400639
441145000
440032000
441545000
431400355
431010381
431003458
431006475
431501664
431000875
431002092
431000976
230992680
309201000
371906000
240913000
525022371
636016803
525100776
215776000
371235000
538007847
210767000
231843000
258894000
257555000
259721000
374159000
357351000
240718000
240827000
240912000
240911000
457900332
370123000
620537000
257037140
258416000
257433000
257037270
422027700
636018846
428066000
770576105
246361000
577164000
319132600
636019327
538004371
636019384
249458000
538007153
538004246
636018543
538006775
538006776
636018545
538008358
636019297
538006719
538008361
636018546
244826000
538001893
311037100
374406000
215953000
249618000
247272700
538007258
212935000
244532000
245272000
245297000
311995000
671002100
248422000
211464420
304655000
212931000
477584500
305353000
273541530
215571000
304667000
305886000
255805577
212937000
701102000
538008143
367781630
231700000
251067110
605026190
374482000
440039450
671806000
352176000
247284500
538007492
271044133
354514000
357013000
370825000
229421000
375037000
273313720
419001374
319015800
432898000
353081000
273315050
230668000
564614000
311061800
258538000
258208000
353495000
319067900
244790370
667001991
255806040
725001048
311000157
239531700
352287000
636017766
212702000
235074534
636011096
636014709
210029000
636014502
237040100
538003960
248945000
538007684
353616000
305507000
235008680
220477000
229462000
371188000
450553000
538090488
319062800
214180204
671736000
273354910
538007672
256187000
351986000
247370400
229395000
241455000
374500000
266263000
258225000
620088000
271043403
215288000
311000081
422015000
538004037
248826000
538008241
525005114
241006000
247378900
667001718
210200000
210200000
229593000
312605000
259166000
205770000
246497000
219001647
212651000
245712000
235064647
218601000
249003000
255805606
245438000
305385000
235076265
205491290
247355700
563052000
215626000
305170000
636013201
620227000
511100164
246363000
564333000
357513000
636013372
566073000
710000115
240165000
248462000
366945680
367533180
477070400
367300590
303278000
667001606
538003673
240323000
240069000
636016722
240277000
636012324
636016723
636016724
240415000
636016726
636011496
237956000
636011397
636011396
229330000
636012627
240214000
210731000
372404000
305166000
367419080
255806053
255806053
244020028
219023531
211410690
367006570
255805340
257902000
601062600
366836590
353264000
538008046
352868000
538004041
636014423
249469000
240520000
248285000
271042595
367309230
357446000
367456810
220499000
247375100
224040390
477036300
212583000
605046440
373943000
373618009
605041220
636019318
231712000
613003546
312691000
249975000
248197000
636016338
367059950
725000802
622112802
538006273
255805470
256474000
374727000
367352720
636092384
256389000
311000747
220002000
432737000
237628000
229148000
304822000
636091014
219582000
422038600
450579000
240685000
319506000
319072300
672704000
538002815
671535000
353339000
238240000
314446000
636015321
538004019
257082000
538007209
671572000
565351000
249475000
319869000
248033000
229981000
319037200
355341000
538004697
477548500
235102768
548735000
477454800
374243000
354580000
538004150
250000511
308688000
310531000
538005423
311000222
373442000
248722000
636016560
636019031
308358000
636014956
319152800
304846000
230017000
235080614
775602000
247235300
538007979
645526000
577397000
319863000
565894000
351181000
431205000
271040601
538008091
255805573
636016856
636092392
470120000
566210000
636015646
305514000
244995000
209072000
271043795
219617000
236330000
374927000
354447000
357807000
247350300
220417000
357494000
538005790
311459000
229909000
235068963
538004018
667001714
249585000
605026711
244874000
248198000
351296000
245258000
372118000
316225000
366897000
367353080
563325000
325631000
311000515
215692000
271000709
374908000
211224310
353356000
212882000
304877000
636014955
255805663
311000812
309805000
246090000
563074900
563075100
563075200
565981000
211222890
271002096
677016400
563021900
565726000
244790685
244090107
563074800
273352050
325905000
345070213
311733000
725000785
224655000
354864000
245078000
245222000
576034000
671330000
636016559
219426000
636015358
368049570
366479000
244357000
305956000
377272000
353862000
235079451
354451000
374542000
432986000
431353000
432472000
239881500
239935100
210096000
245088000
432495000
273133200
256647000
235060303
235060304
235009400
235009420
235009410
235849000
432694000
235007450
636013434
432420000
572549210
351260000
432807000
431540000
432634000
667001659
235063333
235063329
372532000
309463000
235062848
354038000
235007540
235063337
209298000
259472000
636014183
567485000
351988000
258069000
373327000
271044525
244597000
538007861
205703000
548837000
477101000
667001720
273393850
538071028
273357330
370744000
244660530
271002598
563097000
341858000
231045000
351853000
247079200
306081000
247388700
247597000
636009436
636011107
636012638
636015427
636015555
538004945
538003914
538005678
538004433
538003635
538003992
538004083
538004484
538005307
538005375
636018352
246255000
636016106
357121000
431401964
671067100
477726700
563451000
319072700
370274000
266438000
518100763
538005101
247279400
247056900
239620800
538006953
352376000
441201000
373415000
373757000
241154000
271046489
241054000
565254000
565525000
215012000
351344000
564582000
256942000
564647000
564722000
566017000
248340000
356210000
565179000
564600000
564923000
565466000
566047000
566142000
564702000
565321000
565699000
565502000
565859000
256925000
249714000
565841000
565870000
563716000
565687000
212745000
636017992
311000667
351373000
311061600
636017097
533130482
311000725
248668000
247297100
304050864
354198000
240608000
239196600
566691000
572145220
319366000
319677000
319029800
319076100
319875000
319756000
319721000
431816000
247278500
636014626
247290500
273318360
525016456
636092039
636018236
247264800
372430000
538007109
245839000
241324000
636015002
354097000
525114003
525003643
525003520
636091943
636018297
538006651
636092152
636091797
636092151
253382000
636018368
271042486
271000745
636018240
271002242
564618000
636090710
271002636
636018235
636018210
351429000
636016139
657011052
229164000
271000388
218715000
249638000
431223000
246634000
636016721
305161000
242167100
563049000
312908000
237928000
636018101
311728000
431428000
312560000
235070283
565535000
565324000
636018272
577081000
730152005
351750000
232003525
636018356
636018296
636014788
271043245
273142300
273326150
636091232
636013470
241025000
636092835
636090971
538004444
271042516
367740750
636013815
305295000
538008042
257913000
477620200
636018212
565024000
220644000
273393190
356280000
636092836
636018259
636018242
636014418
636090966
219000751
255805670
255805669
636090965
253406000
258952000
235084298
253319000
431008309
563014800
305616000
577203000
368008830
244255000
247154300
211404810
538008355
271002082
273356870
215401000
218108000
236355000
236359000
538002602
236566000
371234000
538002604
538007147
538007142
236567000
312689000
247173600
212537000
212558000
209139000
371922000
212667000
440503100
636019382
636019381
229737000
725019006
308645000
566720000
622120320
470176000
470390000
470011000
470577000
470029000
470079000
470470000
470727000
470978000
470415000
470329000
470970000
470317000
470348000
470636000
470958000
470547000
470662000
316011950
244265000
477961200
518793000
323142000
244690000
224731000
224775000
210719000
636019238
370781000
367053090
244279000
246794000
372394000
224886000
374574000
353218000
351398000
366972000
244238000
218474000
636014391
311000285
538006070
316110000
659062000
356586000
352755000
356288000
319001300
220478000
253361000
273397450
370596000
256945000
311646000
311044000
311000780
235009040
440039000
230917000
244528000
311000277
701006139
219226000
219017214
220632000
220600000
219203000
219670000
220282000
219042000
219010516
219009417
219009432
220003000
219468000
219465000
219297000
219669000
219043000
219019219
219009000
220446000
220281000
219786000
219186000
219078000
219011717
219613000
219590000
220177000
220612000
219826000
219449000
220192000
220633000
616481000
775333000
636015114
636015007
636014875
636019197
371437000
565359000
667001881
371755000
371909000
354822000
477045300
538005356
374042000
636016264
356237000
677071000
538006974
538006976
538006977
538006978
538006979
273355400
257244400
538006113
431003352
538007541
538007539
228022900
247163500
376212000
636017206
220503000
205543000
371618000
373228000
432839000
351491000
311073800
636018570
247296500
247320400
247318900
247323100
247293800
229490000
247319800
247294700
247026000
247241800
229368000
247318300
247241900
229706000
248562000
247241700
229369000
247579000
247297200
636015348
245206000
636017646
636018466
636017877
247232100
247351200
256121000
247335400
636017917
636016533
636018127
246321000
636018917
636018733
248224000
246198000
308007000
264900301
229378000
354322000
247049400
266456000
212175000
205408000
311027000
311404000
357900000
209528000
374081000
636017697
636017502
261010050
636016905
636015201
636010789
636015312
311076800
636019107
219047000
209765000
564376000
305559000
636015699
276415000
548972000
538006456
548779000
548955000
215562000
636015984
311000376
256357000
725016600
538006973
538006951
316014170
352027000
564739000
636016330
367634360
220496000
636092156
367686010
367008230
366834000
367006620
319056400
636017847
351928000
416034000
636017848
355173000
351465000
312009000
372168000
370700000
357413000
372354000
538005145
373570000
352148000
352399000
636017849
565106000
620549000
564904000
351936000
564621000
356391000
564386000
565711000
354893000
564404000
353991000
235335000
235554000
235414000
636013148
311648000
235603000
235479000
325879000
373843000
370121000
636019174
563068900
353136000
538003321
636019234
354654000
371308000
356582000
311000304
357463000
373481000
356229000
367353070
564776000
511294000
352829000
373721000
235093569
316003880
235093618
566673000
566732000
566794000
235093619
235098885
566853000
566949000
566970000
235102677
235102678
416475000
235110737
235098383
235102679
563982000
416481000
563143000
235102681
374210000
416482000
352135000
563033000
416495000
564345000
416509000
374348000
356407000
416497000
416498000
354320000
354194000
566460000
354195000
477305200
235612000
351626000
353157000
356264000
374088000
351302000
355727000
356746000
354986000
355188000
352542000
352725000
211212630
636013718
235009240
235009850
235010450
235010710
563084800
563004900
370761000
372829000
351394000
563077800
211244230
564384000
564442000
564995000
564071000
564438000
565007000
563400000
357077000
357493000
357939000
357737000
357874000
351934000
355510000
538005620
215039000
215049000
613003544
241629000
241374000
229055000
240285000
240493000
241262000
241344000
237363700
235057179
266201000
241251000
255805829
209264000
538006108
209429000
538004497
636016732
271045975
636019089
311256000
636013156
636013898
374942000
311000501
636012762
636017720
564133000
576152000
205421000
247241200
566336000
567001910
319477000
338162000
211255250
205434000
229970000
247279000
356291000
266273000
247351100
538005186
244750716
563013200
533130828
533180205
533130222
205553000
376073000
305837000
205552000
636013956
538004501
370192000
538071191
755004000
240510000
636017904
374609000
563002520
477194700
311000165
311316000
308109000
525107010
230204000
205526000
219017081
374194000
219018172
219705000
372441000
352904000
356910000
248302000
636015020
241311000
215381000
