431000392
244870311
319295000
374469000
271002600
273550600
436000048
431001106
671043100
432706000
352965000
701000676
538003428
319002000
477633800
412204480
431000903
431011136
477691300
312893000
273132400
273375620
273389860
311000666
374073000
357833000
371378000
431386000
311000357
431004027
636014944
477678000
412034000
355599000
548842000
413975000
413858000
413770000
477845500
477514500
538008543
477328900
538007950
477340200
538007894
477899100
538007687
636018131
538007595
477211700
636018130
374164000
538005516
538005020
538008282
477462700
477598200
477444900
477224500
477167400
636017533
636018576
636016708
636016709
538007402
338231000
256475000
538006503
229732000
249944000
538008332
355330000
412380190
273448750
273523400
211367460
565304000
414010000
413379780
366971000
620455000
258914000
468405000
258915000
258933000
258936000
271002352
273345530
273444390
370067000
636015927
538002749
538003320
538003057
538002565
538002662
538002845
538002844
538002484
538006946
271042805
271042868
538002750
271040311
235099481
538002459
538002527
538002751
538002531
271002101
374309000
538006947
538004771
538002528
538002548
538002748
431297000
273353680
249594000
311281000
273357840
413684000
412057000
308971000
271046765
271000975
371924000
667005006
273342890
413804000
370388000
441878000
441991000
355372000
374456000
244731000
244860699
244228000
245527000
244368000
244873000
244053000
244870246
244786000
246101000
245282000
244012000
246027000
244256000
246202000
245158000
246378000
245378000
244798000
245224000
244212000
244032000
246296000
245476000
477621300
477995284
373764000
370813000
215887000
565042000
538005072
636009548
308918000
308919000
440077000
440168000
273357430
256320000
563587000
273412440
229059000
636013646
538007516
477098100
215424000
572996210
374985000
271042475
271043213
271002143
356729000
352614000
667001749
414768000
414254000
413369540
312762000
671890000
413338000
413336000
413980000
413265000
413337000
414381320
312015000
413687000
414266000
414388000
413376690
441498000
265547230
229594000
271044022
636011587
636018264
636012707
215937000
636013698
477143500
636013695
636013694
477802500
636013697
636016703
265066000
416491000
636013699
229941000
416490000
636016705
636012253
256918000
636011275
416427000
416429000
271044021
416426000
416428000
416488000
636012796
416492000
636013121
416487000
636012795
636012794
636012797
636013118
416486000
636013119
636012798
256398000
636014557
215234000
636015183
636014558
248507000
636015182
229370000
636014997
371633000
636016242
357770000
636014996
353578000
249813000
636018263
636012706
636018262
249957000
636014968
636012350
256929000
212276000
636012254
354619000
636013689
416467000
538005956
416466000
416464000
636013693
416468000
538005888
416465000
636013691
249462000
636013692
636012808
636013690
212714000
215826000
636011842
477948800
356941000
636012252
477430100
355563000
477454100
477737600
477524700
477129300
477002200
477769600
477314700
563073500
477006500
477524100
563070800
477454700
477478800
477347400
376219000
441712000
511100154
431288000
538090520
374842000
432787000
431460000
414343000
370887000
357172000
312432000
413457960
667003047
477265600
357196000
312406000
477237100
412091000
413203000
413414930
413415730
636018964
273340110
312130000
312853000
367168650
372171000
431004506
431007294
432756000
431400833
431005428
354760000
372742000
229864000
356632000
525020244
503071000
440270000
440209000
538007072
440153660
441928000
564146000
431200632
667001770
671562000
431003205
357232000
258046000
258323000
351131000
370939000
671819000
477135500
563045200
414213000
413119000
413323000
412048000
357672000
354405000
413976000
477300400
353863000
636013215
413289000
413326000
671754000
371490000
413828000
413115000
563950000
312914000
636018046
414791000
414369000
477105700
414405000
412465470
413225000
414043000
414044000
413375000
412543000
477047300
538003042
477962600
477387200
412569000
412859000
477607500
477861100
477991700
477264400
477756000
477755000
477301300
412049010
370546000
371595000
371441000
431500203
412163000
431000399
533064300
431003404
431009043
431000336
431000687
432825000
431005551
431006905
372854000
353812000
351404000
356933000
441023000
511512000
412701000
413378960
636092253
413120000
412523890
373118000
431008024
357539000
725001418
312123000
477786900
356189578
413985000
413198000
477855700
356373000
312400000
351683000
412095000
371615000
273414310
431501692
412212110
272592000
431000389
273390840
354494000
273130400
209508000
273426110
273813100
352386000
273381240
636018047
273319940
431006969
431004377
431006557
353195000
477769400
431439000
431501663
416951000
352898000
370298000
356293000
371375000
431400118
431000375
370391000
416008000
431006555
373446000
477136300
355654000
431005575
431011835
431500007
431500304
431004346
412467710
431400046
432341000
431005675
372153000
636018044
357203000
414742000
477300900
416925000
371230000
636016222
431501743
431000613
