244224000
255806181
245726000
205655000
636014571
209810000
209813000
209924000
244499000
622121423
622121420
622121410
622121414
622121425
622121427
622120442
622121413
622121422
622121421
622121409
311024300
657114300
417222322
447162000
309845000
376967000
431005189
667001785
249857000
372357000
432726000
431503000
431501738
431001387
431000695
431680233
431005989
431400588
432447000
431501662
431454000
432388000
431100187
636015960
431501858
431500615
431008817
431003801
431001142
431005553
211207100
538005764
246208000
354004000
218728000
366906610
211215500
373330000
503012920
503081000
567317000
271040007
205594000
319676000
413702170
370325000
413067000
412566666
211298680
566590000
566653000
416016000
566760000
416257000
416258000
565096000
565128000
477217400
477225300
563032600
563041500
416260000
477752700
563311000
564277000
564278000
564279000
564495000
564496000
564498000
564500000
564499000
564497000
564394000
565130000
565131000
416335000
416337000
563250000
563256000
563412000
564395000
564489000
564565000
566235000
566340000
566406000
566469000
565622000
565647000
563513000
564440000
564524000
564640000
564768000
564868000
255805575
563842000
563485000
565032000
565132000
565220000
565425000
565777000
563382000
563812000
565004000
565005000
565536000
565567000
565653000
565741000
566510000
566642000
566730000
566828000
566886000
566942000
563313000
563579000
563584000
477817600
370905000
414417000
412053050
565927000
565928000
372054000
353849000
354402000
667001309
413702160
211221190
245241000
636019113
205664000
205373000
567105000
205681000
567274000
311832000
305264000
305258000
209425000
244109000
209539000
209138000
210159000
636016910
636016911
212145000
209140000
636016912
636016909
209541000
209540000
209862000
432965000
503060000
671861000
366887190
311036300
538004802
419000003
419095100
242037100
422040300
230636000
367276000
367136710
241515000
431000926
710028720
440034000
351251000
354652000
636018501
246758000
376532000
210407000
538003242
218342000
246264000
477728900
563002840
563002940
563070100
563026600
563003330
232001540
232616000
371483000
354115000
355619000
353840000
265522510
377901083
431003911
572571210
209146000
303436000
636014570
477117500
309996000
255805996
255805802
210312000
255805775
565043500
212641000
209177000
367175780
366976920
319861000
636017299
211235880
211205970
538090029
477217800
255804960
477024200
413046070
312369000
414275000
477493900
235062421
311668000
312852000
636018162
235070529
232003506
538003287
671528000
257351000
477050400
436000379
374470000
671119100
371571000
354254000
413376000
312775000
319331000
304214000
356146000
212787000
209276000
205094000
244340000
355390000
211464260
212848000
212963000
210359000
304092000
356691000
373287000
477090000
257440000
246457000
356736000
352683000
354710000
371262000
356630000
351635000
244128000
636092766
636090646
210263000
210261000
565114000
210509000
250105600
548919000
548913000
250190000
354837000
210239000
367766000
372548000
548874000
311000563
548910000
548899000
210279000
477852900
548922000
548932000
548907000
548928000
244150276
548868000
372293000
210292000
250003397
245029000
211200690
230627000
636015739
308367000
275110000
538007090
566353000
257331800
370144000
370506000
356656000
538007507
352026000
376307000
564450000
308241000
220124000
370179000
373289000
538007156
356313000
548885000
311353000
311864000
311349000
311351000
538008105
636019414
367403020
215279000
353502000
657123500
374553000
636016655
311000224
235007413
235009956
215335000
477942100
353769000
372600000
636013840
256608000
316023341
538004665
371642000
370126000
432606000
367631560
370487000
370220000
636016128
636018841
371940000
636013841
375845000
371954000
235862000
667001719
319035000
371702000
548979000
538007370
636018029
235084022
235076809
356876000
636013153
235040503
235007880
235090917
542433110
503574000
311037500
367076210
538005624
538005625
538005727
538005751
212423000
218553000
255805563
636016656
235064784
235069875
235069877
235064783
235064777
218549000
636017432
626010000
419001201
319099800
311000795
710026490
311000834
215586000
311000804
538005505
258702000
316003878
503528000
212777000
249239000
244961000
232095000
538006809
245377000
253525000
210621000
255806132
250003811
367852000
636092761
576058000
367537450
236213000
258703000
244630433
248689000
248835000
248764000
314019000
305497000
211247580
314464000
253614000
253615000
304352000
314035000
249077000
249311000
249211000
249879000
249076000
249377000
249772000
314216000
314179000
314255000
304407000
314187000
304778000
314180000
314474000
314251000
314037000
314220000
314423000
314258000
314377000
314397000
314398000
314396000
314237000
314206000
314191000
314192000
249647000
314194000
249359000
314193000
249528000
314463000
314222000
249075000
314456000
314455000
257077560
314207000
314208000
314259000
249720000
249849000
210041000
314188000
209304000
314471000
314217000
314182000
215579000
314437000
314494000
314476000
314475000
314424000
215061000
248674000
248675000
215062000
248676000
248494000
248678000
248313000
304010905
314472000
248200000
314260000
248379000
314036000
314218000
314261000
257077520
314420000
257077480
256312000
257077550
249910000
314438000
314493000
305541000
305641000
314262000
314020000
314473000
538006935
374885000
538005199
220520000
352290000
218824000
218849000
376129000
235113838
218319000
230012000
230146970
226341000
228371900
219017684
351715000
351291000
219615000
601684700
258931000
257943000
309163000
219014012
309242000
351482000
353656000
511291000
201100092
671950000
255805847
565896000
566677000
636018173
566545000
566845000
566963000
564602000
564604000
563131000
564558000
564266000
636017719
374835000
374705000
563005100
353663000
563015600
636017588
636017786
563015700
566605000
566609000
565648000
356742000
356591000
372147000
538003324
538005561
538001682
355725000
538007396
259746000
311000597
259944000
249776000
229972000
566538000
305026000
352044000
477244200
351255000
356672000
355145000
477021500
247238100
355887000
576164000
538007116
371578000
244106000
319059300
636016420
257038590
257586000
259120000
257644000
259688000
304341000
367050980
372586000
261005510
248160000
229616000
215383000
229614000
636018624
525021159
525012321
218767000
256207000
247340100
255804950
309801000
477962500
548941000
357417000
370473000
440470000
636015627
440173000
564629000
241276000
241467000
241254000
538005151
440637000
440687000
440149000
440030000
441994000
538008240
441927000
441210000
441346000
440997000
441850000
538006563
441262000
440653000
441507000
441588000
441626000
256662000
355873000
441503000
440073000
440538000
440665000
440275000
441089000
440084000
538006714
370950000
441301000
538007091
441332000
440379000
440338000
370855000
636017531
219019933
219019934
636016268
209395000
258863000
311000318
572882210
572111220
572915210
636014804
566932000
258995000
258854000
258859000
636011023
431178000
370081000
667001839
636015435
636016243
538007829
244592000
244077000
248958000
366989280
366773070
366709770
367463060
367712660
366773030
366773040
366772990
367479990
366772980
366759130
367480010
367649320
366710820
366773090
366772780
366749710
366772750
636014568
636016053
636014569
710025760
477518300
412216000
477637900
636013827
235089901
432830000
477222100
477518200
211629290
477518100
563359000
374651000
