253647000
257749000
367010930
345070210
258450000
235093018
233933000
219923000
564428000
357628000
355321000
356696000
370361000
372628000
352984000
701121000
355442000
356022000
701122000
372363000
725010010
725002004
701106000
248697000
636018675
224047640
319947000
371229000
224263000
249838000
636018234
525200941
413378980
319011100
355474000
636011189
319103100
525024024
525019680
224026000
228006800
256289000
247186800
345030016
236611000
249139000
305538000
431001250
636017440
247601000
247629000
306335000
306338000
306337000
636017763
247456000
306336000
247585000
224746000
209349000
215190000
232001580
311061100
319504000
319490000
319710000
319641000
725000801
636015667
256380000
538004621
338500000
352732000
368222000
366608000
636013824
311912000
636090879
224018440
354106000
218839000
352112000
636018257
273348630
441961000
215040000
319137800
636091966
265277000
235103314
305527000
219849000
367132630
367029960
305691000
247143200
246816000
538006275
362061000
636012709
538007357
563385000
232004102
538006535
370871000
525012370
214182680
219777000
311038800
273390850
352681000
419079700
710001510
710003740
710003420
710028220
352718000
264900240
636015703
273354770
229574000
366914710
367321740
538007175
309761000
441738000
354562000
258439000
247242200
229410000
477049200
345010056
376762000
273317810
563358000
538071006
249616000
225421000
636015198
271043840
228237800
232010652
636016126
211278220
636016074
636017971
306119000
371082000
636015660
563050100
240561000
241612000
227001650
636018981
636017262
432897000
636014480
356472000
249202000
636014481
372526000
431936000
370572000
257352000
636019393
354771000
477802400
373083000
566662000
538001964
538005854
565030000
538090174
538090175
538090158
565412000
215172000
538090188
538001963
209596000
538090189
431449000
431501000
354526000
210562000
373204000
636019020
373657000
235102465
371988000
538004285
303333000
538090401
366698000
366716000
366235000
368922000
538004097
636017448
366206000
564918000
538003970
373917000
601231600
564937000
370362000
564318000
538002591
538003120
538003181
538003221
367133000
235009760
477522000
538002624
538002485
538002666
538002747
538006666
538002823
355516000
371691000
431664000
636019418
373918000
367076000
351950000
538008082
373009000
366929330
367126590
636017315
367354360
355063000
366876000
367126620
303943000
235109888
352286000
303945000
353877000
368850000
366221000
636015857
366734000
212054000
538004220
355471000
373389000
210911000
212384000
367802000
636092736
371495000
249783000
538003781
538006654
538004152
566524000
253581000
236278000
211409660
355785000
277348000
477049100
273331110
265725450
232111000
338458000
345070087
357427000
538003093
210268000
577199000
538003580
538004412
371351000
538003928
538004681
563489000
210516000
352665000
366343000
538004461
636018475
636017310
636017316
367074000
538090306
477685200
538004165
538007625
212344000
477876000
538007624
373954000
538003782
372514000
601228300
366773000
235114657
235115994
373590000
209087000
373231000
372773000
538003783
212587000
210581000
366842000
366841000
538090370
366839000
316012000
432865000
432982000
431933000
431356000
564290000
312417000
248089000
345070094
538003784
477826100
563162000
210593000
503750000
235114195
477691700
212810000
373058000
538004204
538090363
249982000
538003422
538090382
538004396
247324400
538005154
311000715
538007911
538007226
538003549
538007910
368952000
636019389
538008273
372031000
210615000
371330000
372459000
366838000
372063000
432767000
352862000
355458000
373509000
373498000
432835000
210531000
209058000
563640000
477851300
636013147
356812000
303932000
246346000
303940000
432752000
477924000
205517000
212161000
226318000
240556000
563007700
565436000
563060800
273370100
701812000
273358310
376037000
563052600
563052700
240592000
636018884
228296700
228372900
247187200
228200800
247336300
636016647
636091380
564738000
636016648
636091434
241592000
240546000
636018885
228306800
241613000
241593000
247170100
248112000
249111000
740335000
417222375
356340000
564096000
564633000
636016274
354872000
564902000
311000136
565926000
228165600
219095000
352358000
219100000
211855000
538008132
538008134
219096000
353365000
219101000
219102000
219107000
372723000
374658000
538008133
228229600
468408000
351475000
370785000
209270000
237033600
538008320
677080500
354445000
538006297
239746000
240039100
636015696
636016776
677056600
376835000
273457720
636016657
229717000
538003582
308945000
636092186
671799000
209582000
308461000
241080000
272137700
538006940
273358980
316038803
215166000
311007100
671501000
229716000
256971000
241125000
229715000
636017937
636013892
371506000
538005083
538007864
667005082
367160000
367628660
367006640
366875000
240840000
565283000
511621000
636013185
311407000
538007938
256564000
240584000
525012101
659424000
249163000
538004667
538004825
538004998
538006072
352641000
636016185
229469000
538002349
431342000
244060577
636090799
230985950
354031000
236671000
730153608
477850700
352218000
310423000
355461000
636013068
636017775
636017332
636017333
304598000
232020054
636017331
304010618
305289000
636017776
538004800
377906091
377907287
352306000
565493000
538007525
325974000
566928000
229413000
211749880
247371100
368709000
265624900
247520000
636092743
247153600
247266600
636011561
353095000
247294800
247215400
636015031
563487000
538008244
211178650
212300000
249583000
209048000
266339000
353441000
259741000
239670000
671125100
256726000
237110600
266427000
636015771
309484000
354842000
357657000
370490000
353479000
355831000
353486000
309682000
371154000
357659000
370039000
309933000
229857000
371083000
370491000
354277000
247392300
355833000
354215000
309697000
229136000
372808000
308045000
308017000
354298000
355263000
356883000
636092016
373780000
245137000
319142000
273441610
255805671
367656790
636016417
247353200
244024000
563084600
636092913
255805834
219001284
253081000
538007970
220637000
577065000
305370000
314444000
564576000
366404000
477163900
247054800
311000573
636090899
319025100
538003629
566908000
235059376
219023046
316003656
503777000
319274000
368926280
636014615
563084300
642122014
218850000
256019000
319001100
314433000
314319000
303189000
672269000
311067700
247295400
319237000
242640300
538006694
538006711
311000335
259321000
419076700
636013059
422231800
657149200
423374100
423375100
373321000
477588700
273440170
436000013
248801000
423339100
423294100
423338100
423360100
636019071
273449070
423400100
273448070
423387100
533000876
356745000
277397000
431013000
563059100
248181000
564601000
224008000
248251000
477197400
263700007
740358000
255801960
308659000
710003790
710003610
256524000
229412000
710031630
224432000
309608000
224383000
215299000
215739000
538006949
636015902
663500001
345010039
276718000
244650754
244730396
227011100
356219000
212352000
308687000
311010800
308162000
308275000
636016699
215850000
305433000
366943960
215929000
224941000
247098200
305930000
377232000
319990000
256686000
249996000
616606000
244714000
249107000
636017173
316007864
311021900
367400740
306832000
306885000
219374000
211552710
219017843
370819000
319885000
636092786
210523000
636092792
366187000
229764000
636014408
671556000
659453000
603811600
710005920
710004550
710014820
710005580
710012520
710069000
710016770
710027150
710028130
525024193
470964000
304010711
352554000
255806084
316304000
316094000
316013000
316001016
316001650
316002140
353529000
636092898
636092896
636092897
368501000
255806083
636017863
636019188
563080300
224549000
247310200
247289300
247292400
247285600
235720000
538008331
538007723
374077000
371202000
231319000
305393000
204701360
373352000
563542000
209122000
334041000
538003588
311259000
538008487
316001838
246782000
224261000
431101136
235005270
423015100
275487000
275493000
275486000
538008329
249436000
224991000
249046000
372953000
305798000
249666000
248325000
249667000
735059945
249048000
249055000
229074000
248939000
249409000
249047000
626004013
362059000
538008016
419000941
247061200
249444000
229001000
229051000
372375000
305176000
310742000
249114000
304099000
408543000
636016415
249901000
636016747
232018037
271002540
211284350
525107009
244660301
538003667
538003924
538008474
538007748
538005288
538005099
538005202
538004919
538007140
538005323
538005129
538004924
538005324
538008065
538008066
538008067
538008064
538008476
538008289
538008139
538008475
538008415
538008281
538008477
710008830
311945000
235107439
235097248
235109905
232020953
232012356
219683000
250109400
232013665
232020889
250106440
636016693
235103736
232003353
232018454
250089000
235108405
271002256
212542000
311564000
212690000
304073000
304048000
209770000
311771000
271040948
305399000
212209000
212220000
212360000
209962000
538005655
563295000
566857000
565312000
477203400
477103900
477105100
212109000
355680000
477520600
518843000
338484000
636015783
518100116
271045537
538008291
271002610
248901000
620239000
353552000
271002290
271042575
261011460
305820000
432950000
565503000
564163000
356832000
373138000
351680000
354205000
370514000
352555000
538007544
636016933
247351800
538002424
538006206
371210000
354455000
356727000
373611000
357069000
351544000
538004327
372056000
374407000
314470000
538004925
271041862
357871000
671945000
538003340
229268000
235092545
353391000
345030094
345030096
566819000
225366000
636092041
247223400
477884800
477348600
255801990
249330000
351720000
271000779
238118840
220482000
636016823
312024000
242761300
431079000
374366000
215720000
212561000
249537000
563847000
563062300
367069240
249706000
339301040
339300950
339300350
339400114
339400116
339300940
368941000
354231000
369953000
368782000
338921000
338922000
367807000
368777000
368975000
369992000
368905000
338923000
369906000
366999982
367255000
366999984
366999983
366953000
636092679
671135100
334567000
477995162
377427000
235013021
565524000
371005000
566433000
565528000
565605000
371414000
563032400
477858900
371713000
311000393
374676000
312099000
273339600
273331700
228027700
567445000
273433450
238292000
477697000
257033170
258028000
351468000
238301000
209440000
209074000
636010788
525007020
352907000
566303000
566369000
356783000
258724000
372735000
538008217
257142000
636019402
257357000
258444000
564029000
249189000
210683000
353902000
525011169
371661000
414329000
414260000
373462000
566430000
413380150
414380000
413056000
412469310
511623000
413473010
413334000
413354000
414108000
413358240
413357420
413245000
413835000
413357430
413373000
565731000
414031000
413372000
414185000
413358230
413953000
414065000
564189000
413282000
413952000
414649000
413834000
457787000
667001756
356234000
477225200
565713000
412379280
412379830
413463060
413350620
412070420
413376050
414390000
413464140
414391000
357007000
357723000
477904200
373213000
636017936
413361020
667001733
667001563
414276000
412477530
312244000
356760000
477858200
312161000
414317000
414249000
413301850
667003450
414081000
413380840
441077000
414339000
414395000
440144000
413465360
312151000
413951000
228330700
636014805
567059200
273441770
636018470
567444000
538006750
636015390
538007730
253112000
572255210
367428270
253422000
308705000
367168640
518100223
538004306
636017244
209047000
244740420
636092478
304670000
538005039
220059000
229267000
563491000
220625000
511100165
269149000
357071000
273330940
563084400
273352710
441746000
441698000
441763000
256580000
572265000
457610000
311006300
309979000
357528000
565946000
511336000
256365000
256228000
256552000
256776000
249142000
215991000
548117500
548923200
636016362
538005215
636017426
636017335
538006592
538006582
538006593
538006568
352182000
538006569
538007277
538007276
538006575
538006570
538006571
538006657
538006585
538006658
538006587
538006581
538006573
538006586
538006820
538006574
538004629
477191400
636013337
636016360
636017991
271045704
370045000
215864000
563061100
353287000
374026000
256154000
565544000
249814000
256802000
366032000
354556000
248037000
477081300
636017490
538006567
636019172
636016363
636016361
636013409
538003696
538006237
353461000
477017500
636016965
538004628
356447000
356212000
354801000
319842000
319013300
357084000
372445000
319057500
371025000
371462000
357364000
357740000
538005478
370754000
372975000
373530000
357197000
355525000
636016364
636017165
372861000
373353000
353456000
353052000
373015000
374266000
636019173
563072300
636018459
538006612
538001946
441129000
636090886
209446000
636013195
636013193
636013194
636090747
636090883
636018039
372648000
372569000
372219000
538007064
565436000
373103000
352944000
413442370
667001967
325106000
419000601
667003260
416308000
441846000
367005640
725001404
273323800
273454820
273439270
213788000
215059000
241473000
352716000
477250500
232003994
351733000
229210000
636013947
636018939
325650000
249607000
241585000
263700010
567000004
247256300
228330600
636091595
211839000
353342000
366764740
538003341
431501653
431000147
431100906
432426000
636017108
431401887
432522000
603712200
477752900
354306000
477851200
563002200
566765000
477730500
518100027
477713900
477995100
477598100
477559100
477158400
477340500
309788000
416025000
416360000
355850000
416462000
416489000
477091400
374286000
636017800
273318520
367027570
538006046
351898000
352453000
566699000
311000546
241336000
248109000
538002825
241229000
538007843
538007240
356194000
241337000
477137300
477982500
477160100
477713800
477748600
477040800
477193700
477900800
477006700
636017218
636017731
636017219
636017730
620077000
370392000
432558000
355131000
431600209
431200654
563418000
431100109
463037101
431004885
431009152
431813000
370021000
431008678
538006906
525119020
368242000
538008076
564222000
369461000
249529000
431375000
431022000
432411000
477126000
319318000
212193000
440130300
671338000
354713000
431004165
431001715
431009647
371169000
538007079
431706000
235033145
237009100
212611000
256829000
636012314
577285000
563479000
255805753
231116000
258373000
366832740
636091866
636091866
214182689
311000549
255805824
538005899
636092406
257032500
215802000
538003936
248383000
235051022
538007974
636017145
304010973
219002177
366902260
636092028
636017017
305468000
245121000
565487000
636017202
538003671
241567000
241621000
241532000
241588000
241168000
241589000
370901000
354425000
636017134
311015300
636015701
249971000
636017415
636019025
477099500
477109500
477265100
477087800
370401000
353568000
671008100
431495000
273389070
229011000
440856000
413606000
374341000
565472000
374625000
240111000
538005619
238308040
247283100
371655000
356820000
351111000
538004881
263501000
308626000
311048800
352857000
355866000
311076500
710025710
374252000
253068000
636015422
249435000
256820000
247355300
636015421
253131000
636017541
372771000
636017418
548946000
229666000
229631000
355655000
370356000
242198100
636018456
249775000
247355400
372533000
352485000
636017329
636018592
256902000
256484000
636016774
224859000
538004359
636090902
236205000
253437000
271072854
538008075
366856460
265524530
312849000
345050073
244179000
373606000
212058000
271044448
617068000
525018480
525018479
636018739
677028900
273417460
677071700
636092799
423268100
235074589
345010051
244073000
525002075
355567000
538006180
538004997
477252300
538007596
352814000
636017610
247402000
247070800
209520000
232004630
233234000
305482000
232002807
232003081
228020700
305415000
233322000
563835000
232079000
372002000
305409000
353083000
233150000
232000790
370248000
224675000
210300000
228025700
224239000
224600000
224498000
224882000
209042000
377602000
247361700
477961500
355018000
353308000
441824000
244790234
339371000
271001092
215017000
477231900
235308000
232003288
205680000
316014610
319155200
304054000
755053000
224583000
244424000
341920000
375067000
525003430
636091985
316003010
211750690
636017205
236263000
218375000
304010290
477639900
512150000
367785930
352992000
477327500
477231100
477209200
538002742
256083000
538005350
538005351
566373000
563012729
477614500
256245000
636016402
636016403
355077000
477978700
477209900
563471000
205451000
220164000
538003371
319213000
311000391
232004107
477209400
477230100
477209800
636015536
235082478
219840000
373470000
273314050
249596000
311968000
255806147
319143000
457607000
373731000
538008122
373393000
566395000
538008123
311639000
259104000
257353000
258602000
258643000
258645000
258669000
257694000
538006059
353262000
538006058
538007588
258667000
258929000
258640000
258328000
258641000
477172300
212877000
212375000
351202000
257919000
257928000
235096891
477168600
258707000
257309000
259712000
366298000
538007581
538007584
538007582
538007586
353135000
538007585
257665000
258655000
563215000
566149000
538006031
305689000
477209600
377301000
312331000
477230300
477209700
477017900
354463000
503379000
236435000
319095800
357002000
636017062
205728000
477327400
477319500
227194000
232002621
311855000
249161000
311044100
311043200
311044200
311043300
255806163
636092147
357214000
228339600
636016984
215148000
210819000
228316800
215164000
215217000
215146000
256644000
215485000
248402000
311000536
215195000
256604000
215175000
228067900
565376000
218843000
219059000
215192000
248030000
215196000
228369700
228315600
215127000
215225000
210728000
229488000
215249000
256968000
636018564
215141000
636017425
215154000
228337900
248455000
229934000
248649000
228343900
228313800
215189000
228362900
215334000
226326000
215396000
215342000
219024344
215134000
215221000
215240000
255806113
215151000
215149000
311000921
218844000
249322000
525200871
212789000
636014200
248703000
248758000
215137000
228032900
371866000
215207000
215185000
228345800
636014199
215293000
311060300
228340900
249888000
229263000
249819000
256033000
229947000
622112801
248655000
248794000
215131000
636017198
215158000
212236000
311000923
228369600
212865000
215215000
228342900
219135000
256888000
636018541
636018542
249917000
226325000
477159100
477157700
311000922
248247000
228338600
248432000
248660000
229639000
215183000
249168000
228348900
249167000
235058833
636014168
218845000
228353600
248013000
218846000
215157000
538005528
248659000
229489000
255806114
636015754
248430000
248431000
229989000
228354600
249169000
249877000
226327000
210481000
256687000
228098700
228369800
215159000
229988000
256300000
242754300
249324000
215187000
212151000
256213000
256062000
248052000
228368900
215126000
636014169
228335900
215251000
636014059
477790500
256163000
636017093
212925000
215173000
255805983
710003876
215165000
256169000
215219000
215230000
215199000
370783000
457044000
356539000
563081700
357320000
373497000
538007029
477181300
563071900
373966000
434128100
371784000
563002500
434127600
345200021
345030048
434124800
249148000
256000320
725019316
368889000
210616000
477050800
316011409
244913000
244770069
436000253
316011408
246454000
572137220
246852000
565662000
368219000
303683000
369702000
316011407
306091000
367704540
368682000
419000640
246743000
246885000
244530000
212761000
246545000
725003900
311000345
367304990
636092793
319596000
506104000
636092036
305172000
248007000
367370780
366929710
263555000
701006790
316013660
760001290
306216000
538006066
371121000
247227600
636014240
636013289
211433000
366904380
770576220
371641000
248127000
257653000
257182000
259222000
259278000
341829000
235074593
538004328
636091202
367437430
367144000
371172000
303296000
477407100
220129000
311000535
259859000
538006933
248855000
247154200
227007320
305200000
367422430
636016356
351757000
368817000
372027000
636012163
244620841
311000392
538003079
338899000
368013770
311000377
308094000
309536000
241142000
241166000
538007473
241143000
241155000
636091016
576041000
311708000
565135000
565136000
352279000
309497000
253095000
257034490
477478500
563028800
511507000
563556000
311000378
249923000
636092880
366943460
725017700
373146000
209321000
725000721
311037300
311036800
209324000
236700000
235052172
457494000
636012164
304616000
205588000
271010554
305896000
305883000
209724000
255806177
304428000
304475000
373479000
219166000
209236000
636017148
538002089
725001490
249141000
636017941
261036820
636092029
538002793
316021594
236622000
538071166
533131016
605086014
725001497
636013380
371178000
538003952
538007683
538002090
248606000
273351180
677072400
211315100
211845000
209339000
209515000
230948000
538006887
247276700
367009020
636092883
636091569
636092888
255805943
255805913
255805944
255805914
255805889
255805960
255805942
636092884
249205000
636091621
255805832
311000346
351223000
636092887
636092092
255806003
636017700
210793000
636018712
212358000
636019245
209459000
209444000
212750000
636017570
636019163
636017534
209504000
212267000
249272000
636017374
209345000
636016702
209335000
636017852
636019225
636017894
636018000
636018001
209592000
636018185
209594000
209135000
636018704
209593000
273418960
477440700
372078000
229796000
244790145
351074000
229673000
229553000
245073000
503019000
538006937
477131400
563462000
636015110
305684000
219423000
220614000
374754000
209183000
636011343
311000375
636092027
636092775
725019910
306862000
538008186
311000336
725002784
277507000
370365000
306777000
245389000
246122000
246249000
373091000
373948000
246272000
351405000
671126100
245229000
373789000
372336000
503492000
372536000
244090097
246878000
503091000
244168000
564110000
636018930
563972000
538003705
249397000
356333000
266436000
245286000
373331000
503000002
636016149
308038000
244036000
636016683
636017209
244870427
305972000
244092000
246397000
244870428
636016752
538071163
356823000
373495000
565168000
636010990
246605000
244870429
636011160
244870430
310376000
373298000
245203000
371980000
636016718
370150000
371979000
564041000
565190000
244790522
538007172
244790523
636092742
249431000
256634000
636092798
229471000
636091837
725000818
308566000
636092138
373841000
373875000
371701000
353006000
311018800
256648000
264900329
372878000
371116000
354706000
355148000
370922000
352292000
247178800
241267000
249556000
374075000
503000087
352505000
477125800
316133000
538008028
245884000
205584000
636019377
248130288
246225000
636017514
220061000
636092744
245496000
235010670
563084500
366574000
224765000
255803370
636019275
371552000
538005490
247257200
247257300
355781000
636016077
432913000
432912000
432885000
304813000
431400000
372301000
372759000
352967000
373017000
273352700
235059487
432969000
431335000
431764000
357578000
431244000
419001470
636019157
538005598
249550000
316021596
366997690
367362010
247267800
725001302
232016768
235026165
626024000
311000252
357313000
725000890
671774000
247061600
247552000
247580000
310733000
667001635
667001607
229390000
235008929
273345130
311000255
211696040
204709000
233558000
345080015
351165000
370188000
352631000
235068025
477752400
477463500
356581000
477765800
477233300
256937000
477427500
372934000
477168900
477698600
477950300
477947600
477652300
354886000
477135600
477108100
235068031
477065200
477947700
477030700
357101000
477690800
477269300
477154700
477077800
477795300
256940000
477077700
235068051
477397800
241459000
477100300
235068029
477598800
477311500
477831200
477464400
477845600
477463400
477655200
477464500
477815400
477136800
355384000
354358000
477139900
370507000
477685300
477959400
477770700
370320000
477194400
477219900
355808000
256938000
477056400
370556000
477107200
477738200
477232800
477271400
477764600
477351400
235067931
477194100
477183800
235067987
372727000
477148700
477194600
477148800
477858800
477166600
477157800
477172700
538006767
477118600
477194800
477057100
477166500
477043200
235068032
477776200
477559700
477752300
477189300
477815300
477139100
355518000
477959200
477157400
477832300
477004700
477266900
477004600
477387500
256930000
477883100
477884300
477142100
477967900
477242900
356834000
477652200
354433000
371847000
356336000
566391000
563050900
565369000
563023600
372251000
525100764
374353000
374820000
371899000
247079700
237013400
636019063
355395000
477202200
565100000
477242700
565101000
247010100
247645000
247282900
247353700
247313500
247094800
224611000
247257900
247113300
255996000
255805989
247088200
247325300
247817000
247277300
351744000
247258500
247258100
636013073
247187600
311000145
408878000
247109000
477162500
477937800
477937900
477937300
228233600
227022800
228085000
636014241
227003850
244620976
232002969
357668000
477748900
375448000
457647000
311000344
563329000
357263000
538005318
576094000
368413000
419001405
215874000
477692400
431312000
576255000
255803540
636017692
710003612
725001517
636092814
567327000
431003387
622121222
564583000
235084179
636091990
229655000
636092098
229638000
235084182
235084181
636091992
235084184
373705000
352404000
538006298
538006959
312050000
538006815
241509000
319715000
311000671
232001770
538003817
356686000
352744000
352461000
372279000
355404000
352275000
352132000
351435000
311000374
671180100
214181113
311000246
263146000
238238340
319136700
636015581
636016175
372116000
566467000
564926000
564927000
538003477
565410000
419001070
419001071
373828000
525024375
538006952
525024165
565076000
210912000
210763000
636017753
319444000
419001092
352192000
564879000
563006200
374954000
566715000
563307000
564289000
372775000
354157000
566600000
563905000
565509000
351998000
636015289
671265000
538004141
247228300
246639000
225424000
636014971
253373000
371413000
677040700
215893000
617108000
246862000
370661000
366768480
367144790
367366610
367508680
367461370
371096000
246169000
538003413
311000782
256123000
370610000
311000791
246412000
311000801
310500000
311000796
311000855
219592000
311000788
405000117
405000225
405000210
405000116
538003868
257898000
247378700
247243600
247322400
247273800
247362700
247286700
247219400
247343200
636018801
701006116
204701240
273340120
538004619
319026100
273338510
273433140
273395490
273337510
273394490
273353800
354869000
538005187
311000506
468400000
636016136
241300000
372562000
563448000
441192000
636015616
319600000
311039000
374097000
616999430
563518000
311536000
567583000
309168000
353216000
276848000
576081000
616999188
563435000
636015992
636015994
636015980
636016125
636016177
636016321
477655400
477550300
538002131
477464900
311035300
311035400
477542600
311035600
311016600
311016400
477058500
477656800
477639400
477107800
477163200
477177600
538007899
477985200
518100193
477020400
477967700
477360800
477967800
477117900
477070800
477207300
477848700
477712400
370486000
477476800
477213400
352544000
477141200
477883900
477424600
477229400
477111800
477136700
477598400
477093600
477712800
477071700
477144800
477144700
477111700
477274400
477637600
477963800
477293900
477020200
477036500
477423800
477266800
477117400
477189200
477690700
477985100
477936300
372484000
477056500
477218800
311033200
477182900
477328700
538006746
353512000
253119000
416021000
372522000
416359000
354560000
372918000
354400000
355457000
355640000
477637800
235019268
226332000
538006306
311000137
538007269
538007348
563053800
564900000
563029100
566365000
636018478
308299000
316001633
212790000
256038000
311000421
316001637
636016853
308976000
316029000
311000510
248375000
212700000
248166000
311000368
316026694
311057100
316001836
311000508
311056900
316026695
503763000
566072000
353619000
370873000
538005621
373283000
538007000
232007052
356792000
311000195
311000153
477190500
477230500
477776500
538007058
311033300
372371000
355231000
319597000
470441000
548566000
636017580
441881000
441530000
440445000
538006316
538006317
538006319
538006320
316004770
316003763
525015706
525010018
367093520
367093510
367405770
374841576
366950080
345186001
311038400
636016940
255803360
413192000
353984000
311758000
271000637
271002676
308695000
636092596
269056000
367549830
366503000
603100287
218830000
316004910
319107100
538007812
441471000
232022000
240195000
304193000
316017000
257394000
249963000
372747000
566782000
309739000
235108318
538007391
249916000
311000720
538008373
538007688
538008375
210614000
209317000
319304000
373153000
356768000
