273292400
273444610
254800000
636017881
244692000
218066000
405000165
244575000
255806167
244958000
246766000
636092320
245910000
219045000
354493000
710012740
247047700
255805611
311000147
235004480
229924000
212340000
311000207
431241000
371293000
311032500
319906000
319077800
239863100
255802440
256668000
316003239
538006505
538004071
538007509
219018864
636014465
667001286
416447000
525012335
311065400
538005471
431981000
255805798
219836000
224152000
636092262
701006261
276544000
538071410
636015184
419000541
371352000
538006862
477958600
219146000
566429000
563269000
622122208
565747000
565819000
565570000
565661000
351977000
565026000
477207800
477694100
477958700
235833000
338078000
477958800
232005512
477958900
563102000
219127000
565810000
564398000
566502000
566503000
219204000
563654000
477178900
563514000
565343000
219296000
564399000
563508000
563481000
219124000
219215000
563455000
565971000
566491000
477792900
566755000
477174600
564360000
563058800
566056000
563031900
566055000
566187000
563046700
566756000
477423100
563066200
566093000
338408000
316026728
566492000
338525000
564305000
566145000
219275000
566493000
564306000
477174700
566158000
563035200
564726000
338418000
316013360
338474000
220627000
565052000
316013080
563035100
369340000
219397000
219033000
372923000
219199000
219571000
219027000
219198000
563229000
219056000
373540000
241312000
371274000
355288000
564182000
219410000
357104000
563040900
219031000
219577000
538005747
351021000
219155000
241313000
232005149
563078400
219272000
563077400
563076200
477430600
219563000
477636200
563076300
563511000
477737700
477737800
563030500
563053300
219025390
563042200
563039700
338403000
563034900
563017800
563026700
368660000
538005728
566779000
232009393
566696000
232013110
566781000
563003500
219721000
367606000
373271000
566780000
565936000
248207000
563538000
566165000
566166000
248206000
477510600
565814000
244298000
244079000
565186000
477728400
636018800
354060000
566351000
566141000
566582000
636017642
566030000
303657000
563073800
477711600
566234000
244132000
477348500
338241000
477730200
477728600
636018912
636019355
477684200
636018933
636018018
477733600
477174800
477017600
566338000
477182800
220581000
477182700
477423700
220582000
255805664
220580000
477535200
477196800
566405000
477628400
220579000
477423600
477938500
477423500
220578000
538005750
477334300
566383000
566549000
563068000
219818000
564100000
563087300
219822000
219018271
564606000
563073700
565018000
367393000
219049000
565861000
563115000
357616000
367759000
219817000
355920000
563044300
563458000
566278000
563460000
565475000
219223000
316179000
477170400
477197100
477711300
477261300
477559200
477634900
232005577
219225000
565473000
563433000
636016796
367775000
244118000
565221000
563681000
368236000
565686000
244104000
565532000
566329000
563463000
566330000
338071000
563607000
565274000
563685000
565151000
353117000
232008765
563468000
477143400
565813000
563510000
563486000
219119000
477143100
563032700
219229000
477770300
563062200
563000900
636017102
369096000
563000800
219231000
565451000
369309000
565485000
636017723
565448000
565482000
369246000
563032900
565449000
563000700
563006800
232018900
563001100
232018901
563000600
563002100
636017103
563001200
563001700
219228000
477770200
563032800
636017722
232018919
563000500
477191500
219017782
477178200
219180000
219182000
477178400
565762000
219190000
566150000
563000300
566833000
710003667
563101000
219017783
220588000
220584000
220589000
710003867
563006100
563008400
565825000
563757000
563003400
564837000
564822000
710001720
710002450
566940000
565533000
477195100
564979000
566936000
370837000
255806122
636092826
636092825
255806152
372707000
232005521
636092824
356546000
636092827
636092823
564512000
255805676
636016456
304196000
538006339
423096100
538006340
538001857
538001858
642122013
659389000
273145900
232006490
563070200
369305000
205767000
304682000
636015916
241075000
375348000
311000343
351658000
371777000
645159000
220636000
235793000
470104000
269041000
538008484
247296100
538007351
538003460
311024600
538004722
636017797
219018986
311703000
259296000
357055000
257061000
247271400
219965000
357986000
538007691
529912000
219455000
212621000
355995000
538003225
538003222
636016294
538003223
538008200
304903000
231041000
636016211
367371810
671153100
477389700
477311200
477638200
477638300
477638400
477950400
477435400
477340700
477902200
671154100
374208000
419093500
419000348
403279000
538006501
419000116
403532000
419000124
538003732
419465000
419001257
366563000
423041100
422036600
477915300
436000378
264900206
273313860
538005041
525021087
357359000
218176000
636092635
511913000
305804000
247245500
373085000
538004793
215771000
636016595
212204000
538002433
538004829
538005070
512003817
636092848
477308600
477197600
357380000
538004073
636016985
538003897
273854000
636014044
311000092
432758000
432772000
261000130
466543000
672525000
319654000
563549000
247142000
369629000
356362000
219018501
377259000
353028000
232002990
636015357
311734000
636018950
256613000
256023000
271000216
370621000
376516000
636018060
367469290
214182699
725001154
239962000
273351670
355351000
273333650
214182657
525112003
677026200
463041101
258149000
311038600
367143000
533170514
538002982
214182644
235111139
304925000
351573000
327803000
257327000
636015131
249811000
229006000
219668000
256924000
215145000
636018569
255805776
251126110
265511830
249357000
303295000
244090800
304776000
538007459
371372000
273243200
565681000
503672000
355934000
538008221
636019068
375545000
256407000
538006964
263671270
533130268
311058600
247322600
305832000
419000997
538007903
431007681
525100079
525100268
235070199
735059780
249498000
215851000
671105100
636016269
353764000
219034000
440150000
677057200
210464000
309601000
566069000
566531000
565674000
565892000
563838000
563647000
563862000
563364000
566350000
566399000
565868000
566237000
566144000
564343000
566227000
304490000
305758000
273379000
538003997
477995063
351295000
209187000
273419740
436000144
436000168
436000175
436000176
431260000
403560000
566692000
258084000
219038000
248106000
244630729
244790314
255806218
255806248
253668000
244710117
246432000
518100677
255806244
255806260
636017140
316014160
367341010
352476000
477995064
477995065
249563000
503000080
366562000
339854000
311000803
538002849
566184000
259526000
477995066
636017939
636013647
242173100
205340000
457451000
538006176
760001030
205521690
373573000
247073700
225365000
224978000
775054000
352997000
224235000
369296000
431007265
431000451
431002428
538003689
205114000
677015400
566588000
518691000
538007822
477266700
477744100
431648000
538007630
636092366
538004777
477213600
477046600
538004740
725017200
215144000
525019572
214181297
354336000
470295000
241519000
241635000
241576000
241440000
241623000
241520000
241437000
241438000
241664000
241441000
241439000
240891000
538008536
240677000
240755000
237951000
240056000
239808000
241255000
240016000
241237000
241427000
241405000
241353000
241414000
241275000
240386000
240639000
241287000
241291000
241425000
241355000
241351000
241350000
241452000
241424000
241290000
241415000
241289000
241579000
241352000
538008480
240979000
241491000
241486000
240203000
241644000
241031000
241256000
240894000
240204000
240837000
240959000
240893000
241295000
240892000
240589000
241093000
518100206
241325000
241432000
241273000
305555000
240042000
538003632
419000160
538003770
538004641
538004916
538008374
249987000
229557000
561501063
319192000
538007902
247386700
351596000
352610000
214181219
235007300
209010000
538003890
247361800
470745000
518712000
305131000
205439000
565592000
219630000
305002000
305158000
636013854
247320500
305060000
227234460
645138000
477197200
308693000
247291200
219005059
710071000
367059880
423461100
617064000
730151181
345160020
538003900
577298000
240015000
247275900
210657000
244596000
357387000
366989380
249544000
249639000
311378000
248481000
249051000
249054000
205688000
209096000
264900062
219620000
247257400
247254100
247293200
247340400
247301100
229038000
247098800
356215000
566847000
566400000
356080000
246843000
226324000
228349600
253343000
374709000
249837000
305931000
366909510
366939820
371714000
373139000
572711210
636013376
671782000
277330000
701006066
251384000
219000407
219001459
219629000
356410000
636016352
636092597
372158000
325434000
457900444
620306000
273380810
671645000
218522000
241079000
209032000
339306000
419001106
538071121
538003561
636014652
239883000
247110130
247314300
247213200
538008402
565006000
538008546
538008546
304198000
735059260
735057784
735058041
735058840
224631000
316285000
357345000
215883000
372376000
636091859
701107000
636017445
304482000
248203000
355990000
538003954
538001641
247392200
636018857
305423000
240044000
636017823
247274700
304656000
671051100
671016100
247182500
247228900
235088073
373923000
667005127
257917000
636014525
538003306
636011267
205769000
219544000
357982000
353090000
345030007
247482000
224860000
636015349
667957000
760002100
210346000
211753000
237128700
372345000
220052000
538006802
353371000
224703000
257872000
249876000
219019094
258741000
538001576
622121620
622121645
622121646
312355000
312019000
312427000
312541000
312470000
312631000
312399000
312371000
312089000
312894000
312911000
312652000
622121617
672740000
374620000
319033400
205724000
205724000
304323000
367533290
311060400
636014046
368034790
205745000
636013382
230181000
247055300
255806148
219018765
304803000
538006071
246649000
244674000
244482000
246754000
244860007
248390000
247567000
441809000
272762000
241391000
538005001
240801000
258733000
259777000
636018681
312158000
257817000
257485000
538004701
538007141
431010696
253339000
431009155
201100161
538003668
304461000
538003668
209438000
477486400
564221000
563024740
563885000
477237200
636016827
247188300
249022000
247408000
247074100
311037200
525002099
525025037
564215000
563008910
431002799
357813000
566382000
538006007
565261000
563003350
371984000
565574000
538008159
357869000
565678000
565823000
565548000
565679000
565551000
566480000
566495000
566496000
563016800
564778000
563546000
538004265
538004266
566511000
311000260
525003425
563417000
362028000
215817000
232011493
311493000
563034300
657982000
370169000
566120000
248173000
249650000
259810000
248688000
273390470
266474000
244130717
215177000
248401000
212710000
247300900
246187000
677085700
354473000
227235000
366941020
273390060
636015209
351904000
248134000
311039800
212833000
258276000
246127000
247062400
477189500
574001710
357361000
564448000
353732000
477896000
477277000
566312000
352695000
538004908
566761000
564530000
538005091
477332000
477009000
566305000
477226000
357437000
258003000
219632000
210212000
211106060
229875000
636090485
240796000
351347000
338305000
273449410
245451000
403521000
238244640
403717650
230352000
212198000
367179990
367641230
538004992
218799000
621819039
312619000
312516000
423301100
273350610
238144000
331769000
273375910
241416000
247312200
205656000
710007580
525018344
538005802
538005803
538005804
538005805
538005807
538005808
538005809
710000840
345070138
563067900
563063300
563063400
563063500
563063600
563065600
563065500
563072100
710094000
563064300
564375000
357658000
710003750
304071000
304736000
304366000
256614000
248863000
636016969
239679000
271005006
247313600
304702000
304676000
247046600
304587000
304443000
304719000
247094900
636015236
354798000
538007262
760001280
314024000
375868000
263762000
253446000
273274100
246168000
572923210
244900124
273154000
457540000
572923210
205489000
477441100
671420000
227016900
219854000
246767000
213434000
213484000
273351980
273437230
275131000
355357000
257280000
636016505
219000674
219019139
257317400
710251000
273216200
224634000
249891000
212376000
370193000
305212000
271044070
525012106
316039000
636016114
209280000
367376740
269666000
538003973
231541000
215330000
212555000
271041000
369818000
257996000
356660000
224637000
366874880
351780000
230656000
272031000
576266000
431200607
305707000
431501619
256210000
311655000
538003191
636017190
563048500
563063200
477535100
371710000
354622000
371832000
538004490
403249770
403263670
538004911
251848740
247373700
319983000
319068600
371803000
511100150
215139000
577256000
220364000
351180000
367080250
540011100
366898190
249308000
250392000
235080247
538007931
636012131
538007393
538002411
367453920
219018692
636091330
367304010
434116100
677019400
310705000
422169700
403268000
635212000
255806161
508111266
508111267
431010953
331613000
331356000
372577000
576372000
273453430
374556000
247370100
209340000
345050005
636016168
230945000
219197000
657123800
636092240
259216000
240201900
636017772
239943900
209363000
431008431
246300000
477733300
249862000
224108660
338195000
255805787
238113640
219646000
636016212
241271000
563822000
249747000
271043163
538005482
239005400
370985000
247218800
657148200
657146700
657177500
366365000
366793000
366794000
351805000
351005000
431457000
354247000
431300697
477056800
352835000
370055000
431001151
431005507
431501735
431000498
503726000
247381900
311816000
209632000
367840000
538008047
512429000
636016267
219019365
636091744
303584000
366998090
367438000
354146000
367199860
212746000
304747000
645161000
259320000
630123200
371632000
219601000
667001960
305808000
477213500
271044166
357132000
525005401
636091872
249061000
249035000
249031000
636017362
244650836
565380000
249032000
538008539
431000776
212871000
319316000
431228000
503573000
355861000
351338000
316001238
636016113
242174100
374029000
636017672
219578000
224300000
249673000
311000330
311005700
345070096
311829000
538007904
273420120
273456770
273425640
247276600
247287100
247291600
247285700
247299500
370912000
548571500
367091050
503014290
548618200
372932000
255806126
477176700
636018528
477184200
477430400
548617200
636018529
305969000
305977000
235389000
564338000
338997000
316021597
305990000
316036419
576624000
366739960
367360980
373553000
248501000
636017911
636017914
209611000
212330000
548679500
210538000
210006000
212939000
636017913
636092917
209586000
209442000
212031000
209439000
636017756
232013752
548586500
636018840
525125009
525125005
574001480
244860048
419001166
235061022
271001059
255805841
622123240
671999000
273455490
620000003
271002359
211245200
229692000
225370000
319084600
477219200
248315000
620269000
248054000
215371000
215194000
450565000
271044659
271044633
271044398
244850900
440691000
374298000
563015400
636019033
538007912
353802000
636018575
636019032
353594000
352858000
247270700
563018800
353177000
564127000
538007657
636018574
370712000
256823000
353554000
636018517
256155000
374748000
636011902
538007546
538007626
354203000
538007768
227187000
636019035
563046900
247287600
659454000
352787000
253172000
354602000
374819000
374818000
271040295
356683000
351808000
450570000
247270200
247375500
248095000
247182400
229350000
374411000
271045478
247393200
242683300
450575000
352572000
271044212
215033000
538006385
265592200
371030000
209416000
450574000
245682000
218762000
370228000
316047000
355439000
247356500
371523000
440181000
441946000
538003859
247013400
247183200
247178700
247089500
247036100
477621400
240750000
677015800
237028400
241527000
209485000
240190000
229556000
538008408
319039900
241314000
237364100
441703000
311000478
247228600
276829000
271002555
271002642
441577000
419704000
405000256
405000246
405000106
405000255
247141700
312082000
256454000
256463000
357925000
229014000
248864000
271044302
271002466
271000601
636092682
210592000
431400699
432549000
412534000
431694000
431117000
304958000
414356000
248513000
248956000
229090000
229678000
256235000
249660000
249053000
431009805
431000206
431005772
431000467
431989000
431001216
370184000
636017161
431501698
431004474
431004673
431401963
538003365
624022000
273398740
273351320
273272100
273114600
273341200
272308000
273357420
273351430
273113600
273116000
273115700
273353720
273356420
273354720
273114000
273118000
273377320
273352430
273113800
273349300
273114700
511255000
574188000
533170248
477059000
477011000
305813000
572210220
477117600
477117800
477133600
477293800
572625210
572623210
374718000
636016590
565382000
257332400
271044674
538004675
247387600
518798000
538007680
636017902
775320000
237009900
273395390
273555500
273341920
273354540
273352280
273418680
245820000
211200300
352692000
373544000
238032540
376819000
538003113
636014672
636017637
351132000
247171100
259995000
372913000
636015600
259649000
240458000
636014042
577118000
205453000
636016475
215772000
636091506
671319000
636017171
224447000
636018830
338846000
237039400
271002384
371919000
412362250
237557600
219000603
667001850
525000987
525025007
538002788
209876000
533180044
272693000
566236000
566269000
312026000
247152500
314009000
215091000
525025071
525025043
525025077
525025082
525125003
525025091
525125004
525025100
525025098
525025102
525025088
525025066
525025085
525025073
525025089
525025076
525025049
525025054
525025067
525025103
525025094
525025074
525025105
525025070
525125007
525025058
525025072
525025104
525125006
525025055
525025065
312487000
215743000
563000510
219000368
276005540
258993000
636015705
538008352
351854000
636012102
710033070
710027240
710001270
710001280
417222333
278916000
538005453
244820548
266465000
209532000
319663000
273430250
273317370
341494000
370644000
357285000
525015506
431432000
370149000
351455000
244167000
305226000
366891140
353806000
215138000
374011000
246395000
219581000
230987410
212052000
230941700
246358000
356927000
218415000
563403000
319565000
431221000
548704200
356537000
548350500
548246500
548325300
219061000
548589200
230108490
352408000
477001200
236108000
566701000
255805880
538007384
249096000
355243000
214182112
636091883
229452000
636014530
273196400
229572000
273338780
371601000
377773000
259705000
518975000
636017876
355139000
373887000
356019000
372560000
503570000
477847400
304010960
667005041
248400000
247386200
620010000
440208000
264900331
236216000
376103000
316001738
235097283
316065000
353576000
214111114
244860325
246768000
671476000
271002596
271002689
538006827
366904880
466243000
538003360
636013579
319204000
677028200
567065500
247226800
247323300
636015779
230934000
211206980
247284100
310540000
310597000
310584000
310440000
310514000
310551000
538004164
310499000
311000135
310528000
564354000
351656000
271044709
271001000
244790604
563017100
373310000
310510000
339300690
219631000
244870700
219001514
533000089
636015496
345040012
567526000
242141100
511936000
636014947
244700374
219000811
271000168
273556500
219000781
634122000
257018700
258048000
671738000
271002615
271001039
271010054
219000733
273424560
271002544
271002578
250495000
311852000
372772000
374832000
636018004
311000565
311000541
256709000
577318000
667001357
538006605
219023785
370107000
339433000
316031772
319777000
636091452
422088700
229441000
477243500
305442000
211734040
304010858
233731000
538006939
230989260
240193200
314435000
237141000
538004166
240581000
636014462
240177000
214181814
271001050
367657270
248527000
366747250
538007971
215020000
303583000
432633000
525100679
525300082
316002501
304342000
533180045
355859000
533170372
247219100
351825000
230186000
750000036
244150499
319062200
319061100
319182000
671038100
258595000
319071500
577370000
577369000
577406000
432847000
577368000
577367000
369701000
577365000
319061700
257304700
273376900
671961000
403080000
311018300
431500599
316014740
259662000
265703040
352932000
371160000
357008000
306812000
306017000
265491000
224783000
345030072
368926390
225322000
263701370
352477000
373372000
238251000
353988000
220385000
431006885
259228000
431005138
256000330
538008330
371950000
214181704
273343810
273450550
273152010
319138600
273328440
367153070
246542000
677081500
305836000
236307000
273398440
215737000
229129000
229130000
413378950
310398000
271043400
271000865
219861000
667001259
371076000
710011000
215087000
566352000
477117100
477585300
311000702
477390900
477006600
477524300
477698400
273414540
312135000
241199000
259549000
367503380
339552000
373542000
370412000
620021000
371215000
353290000
366978720
356919000
218805000
232002697
369469000
373921000
370249000
636014358
241468000
314429000
354029000
636015751
636016370
636012728
603709000
710032130
339503000
253338000
354594000
230185000
538007021
373471000
563024600
247253200
373016000
249754000
372890000
370968000
636017521
538008301
271042761
636016034
636018354
319822000
249577000
351287000
538003490
431400732
357467000
477312600
477765100
205750000
538008254
477083900
441758000
205746000
205250000
373449000
636017398
477947500
372216000
563082300
636018674
477947400
636019329
477174400
205569000
205554000
205395000
205580000
205748000
636018822
374374000
636017522
248503000
205707000
237677000
248993000
240729000
319562000
240787000
229093000
256703000
319161000
248292000
240480000
240110000
249878000
240653000
241570000
240175000
240435000
241343000
229084000
241090000
241572000
240715000
215307000
241193000
246769000
240147000
256431000
240243000
240788000
229446000
240716000
241502000
241132000
241371000
248716000
240235000
229085000
240879000
237846000
256553000
240185000
248884000
256338000
256332000
229094000
215925000
240198000
240947000
240575000
241372000
240728000
240915000
240730000
241192000
241190000
240014000
241604000
240176000
667001750
477050900
277029000
351960000
312738000
414402390
567419000
567534000
312402000
413200110
354958000
356478000
372248000
356216000
671722000
371062000
667001739
412408090
412436120
413401510
413322000
413869000
413442160
574000450
574962000
431401844
229286000
345040032
235061954
235710000
255805803
371136000
636016404
636016405
215162000
636015886
636019301
477141800
477024700
375736000
370603000
277523000
354914000
351053000
273133800
273331800
620046000
214181201
219012076
271000766
518100433
659620000
271002264
538003114
538008219
440812000
319149000
701006161
235057247
431939000
431007152
574013484
440474000
440296000
431005001
273348570
677048800
374481000
212584000
209188000
248278000
311000554
354074000
538007969
247169200
314447000
621819015
319394000
305446000
366939710
256234000
314026000
538007081
229535000
255805842
230662000
256361000
548843200
311000413
431501489
431600179
431003359
230994000
354550000
431006889
373603000
230995000
246355000
366750490
229079000
730107000
538004072
367122680
440125290
316004940
310223000
353508000
244976000
369813000
248621000
366962000
215464000
256137000
377907114
245170000
366997360
247289600
351783000
538005576
230925000
247030200
211366340
636092903
304010366
255805937
371768000
373768000
636017269
316025029
351646000
356744000
304771000
565616000
525025044
431006934
431000326
236509000
431002294
567591000
636017873
273440370
431009245
345110010
431049000
432395000
431600459
538005026
431002261
431000196
432995000
352456000
636091344
256109000
319934000
431077000
372885000
314453000
219016683
219007363
352947000
273345600
247386800
238015440
566128000
566852000
565395000
310609000
525016681
228027900
228057000
256183000
341175000
373399000
341428000
244430000
228315700
775030000
228027800
227278000
246063000
367133450
503486500
235088041
247348700
308531000
422906000
247132400
247129000
247616000
247279300
247374100
247162200
247372400
247373600
247185400
247186700
247664000
247015400
247369700
353923000
373012000
636017985
219963000
273332230
341755000
273357900
273430210
273371830
667001655
671489000
211227920
257325400
245315000
319510000
431004824
220010000
419001173
419001380
272978000
372105000
677071000
312600000
671606000
417222390
338860000
538002436
319023700
367196000
477066700
477478700
477548300
477181200
477307900
477348300
477127900
477518600
477698700
309901000
308015000
431296000
309046000
258327500
351496000
477627300
477655900
371836000
246770000
269039000
372955000
372827000
311000505
255805590
255805589
636092076
255805588
477346500
477802700
477759700
477462400
477947100
636092079
229965000
538007648
373457000
538003648
538003729
538004086
538003993
538003810
538003886
538004202
538004203
538004117
259525000
565565000
565555000
371519000
371303000
356565000
564803000
565558000
538002961
565559000
370433000
372800000
355232000
538007606
357210000
538007476
538007360
538007378
356984000
245980000
372309000
372043000
251848840
215947000
314094000
636090967
353997000
219863000
355565000
636016852
339607000
229415000
677060300
720965000
677060600
219624000
273340920
319061300
538007422
538007522
431003715
636017405
229212000
273376120
376457000
373130000
636017000
353683000
235078722
525119086
671919000
730151041
244150086
366766920
423361100
219340000
263610000
271045675
374018000
563052400
563050400
225419000
563051700
255806010
617017000
563051200
248397000
255806011
263429550
227182000
247044200
249549000
359003000
355855000
224709000
224298000
563052500
563051300
249545000
232016055
563051400
710003559
255804750
255804740
563052100
255740000
563051800
263602562
263601490
319904000
525024314
310750000
311000454
538008503
227023100
219024903
636092563
236111618
567097000
235095943
373060000
636013735
256003000
538004367
215934000
636014073
667001355
275488000
352432000
538004409
319080200
636019155
371311000
304588000
249868000
760000440
225397000
248172000
457549000
351118000
235005660
553111711
272208000
548545200
235217000
548578300
367033650
366516380
245136000
246524000
244457000
351106000
235307000
231793000
371401000
311697000
351628000
370299000
538005232
355768000
351392000
311000685
351446000
354076000
370869000
356956000
636018239
311922000
538005333
357275000
357076000
565344000
371140000
353647000
373398000
564254000
311072300
636015429
311072400
371659000
248916000
372914000
355924000
636018238
311921000
311698000
371706000
232253000
356990000
636016413
356473000
356732000
352960000
372627000
370567000
370967000
372802000
370808000
563077000
440253000
235011050
563610000
440556000
538007249
538005521
538005452
538005617
538007250
352669000
441470000
477933000
441067000
352314000
636016414
357174000
440504300
574134000
242579300
242228000
273430550
566693000
257571600
219609000
367707480
257031520
319137700
219864000
311000449
355315000
356359000
374399000
357468000
477995174
636014354
273341120
259340000
577429000
257071620
657137400
305203000
538004721
377056000
636092241
352387000
212735000
377901115
477282400
636017268
477592800
477769200
636017968
636016557
636091999
636016556
636014252
636016377
636017399
477195600
371270000
636092000
636017119
538005372
538005292
636016412
477049800
235117234
477999700
636017235
477176800
209384000
636017236
242044000
357816000
255805846
356482000
257273900
616999364
236271000
538003212
209210000
205515190
636018378
309372000
525009170
310606000
563304000
245924000
244770722
246777000
423165100
563047700
574000080
419001004
419000731
246130000
246172000
574437000
636091078
636090923
636091851
636090921
636090922
636091850
636092871
563006900
563007100
525005067
419566000
229551000
538002866
538002869
636010457
338173000
249567000
215345000
248759000
249028000
272791000
375568000
538002867
563001320
371959000
354497000
538006235
538003501
538006311
730095000
355239000
256593000
271000450
538003682
376246000
259153000
353082000
352619000
636018071
636018321
477001100
636017548
357096000
229625000
371602000
636015665
255805961
356904000
371753000
477050500
351819000
636092212
636018026
636016014
636015604
636015664
351473000
229626000
255805966
636015607
355028000
373598000
255806081
636018253
636015666
370254000
357506000
636016434
636017727
353852000
636017581
353873000
477220400
477305900
255805859
636018660
636016424
374617000
209559000
477519400
373355000
229423000
357281000
636016432
636018322
351285000
354744000
256858000
256871000
355249000
353850000
373069000
636018068
229620000
372972000
353775000
636092269
636092188
353162000
218842000
371743000
248992000
636092804
357926000
352361000
636016423
255805571
209470000
255805891
636091270
353612000
212184000
374361000
218841000
218847000
636018323
354625000
357455000
352871000
373031000
636016458
371450000
636017007
636018106
354530000
371475000
255805617
374196000
373582000
255805864
218582000
636016775
352398000
255805855
374766000
636018573
255805930
370049000
636017605
373233000
247335700
636091473
370437000
636092275
371715000
636016858
353499000
370892000
357051000
209423000
373183000
357834000
255805868
636017433
357106000
636017569
373178000
374586000
372491000
356579000
373517000
636017278
636018324
353934000
255805922
357067000
356167000
636018572
255805866
636017435
352444000
371057000
636016814
353155000
636018571
636091996
636017726
352270000
356505000
354499000
371218000
357632000
354415000
636011456
370648000
357363000
372843000
636013236
636092910
373004000
352870000
353878000
370993000
372862000
353051000
636018276
255805618
218819000
371711000
255805892
357542000
357702000
355185000
354353000
374886000
351400000
538007667
372008000
636015899
636017056
271000742
255805962
355714000
373124000
255806005
356112000
354505000
636017434
355233000
357773000
636016457
636017537
370930000
636017506
636017116
371443000
355985000
636018268
352138000
255805777
255805854
372050000
355194000
356037000
356093000
636016430
374335000
351361000
351848000
373404000
636016435
351675000
355218000
356205000
371243000
354725000
356330000
636018229
355746000
218400000
354092000
353428000
371582000
229384000
636018325
636017686
372123000
255805967
352684000
355609000
373134000
356042000
636018079
218441000
352853000
371860000
352140000
636092601
372045000
355283000
371059000
351248000
355308000
255805968
353728000
255806031
636092270
371851000
356440000
352594000
636013704
357562000
354537000
636015233
636016429
477307400
370565000
355919000
351634000
352335000
354711000
372400000
354972000
636017357
371474000
351738000
255805947
255806109
353719000
355216000
355813000
374859000
357444000
357240000
374602000
354340000
249973000
636016066
636015404
636018326
353666000
255805929
636017055
636017516
636017684
351607000
636092391
352003000
636016805
636015129
374008000
636018385
355254000
352948000
352952000
351110000
357191000
255805969
636018389
255806029
636018659
636018230
370273000
356289000
357627000
372497000
353289000
354202000
355906000
255805865
371233000
371228000
636018318
636019413
636016673
636017921
636016672
371853000
372973000
355931000
357405000
229817000
371861000
636019331
354712000
354776000
371752000
636092271
636092268
355738000
636017577
357332000
373068000
477307300
636015128
636017023
636017685
371245000
636017006
636016476
636018075
255805867
354462000
372737000
356864000
636092764
356101000
356249000
563000400
355305000
355363000
636016492
636018320
351356000
255805897
636017472
636018058
636091959
248392000
248717000
636017582
354540000
636017346
371024000
636017022
255806028
255806027
636015127
371908000
374128000
372736000
356716000
374810000
370894000
353160000
351268000
370271000
357698000
352983000
636014284
355289000
371466000
374645000
255805965
354745000
636092247
355129000
357891000
255806080
636019332
636017867
354315000
636017916
218614000
229622000
255806082
636016431
255805558
370341000
373005000
356946000
636015506
636017408
373120000
636016433
636016437
218853000
374464000
372051000
636017882
255805923
255806032
229481000
636016436
352757000
538004612
258253000
271002151
538004614
310535000
210047000
209963000
209714000
271043855
259371000
440053810
259322000
351681000
246167000
636091485
636090888
538003436
538004616
419395000
419227000
265604750
354326000
355179000
357765000
370001000
353452000
634124000
273354700
249581000
356261000
525019514
567567000
477232300
357714000
477107300
636018995
525019372
419023000
209763000
241654000
215085000
533000212
525016500
525023228
357825000
405000025
525016196
511539000
657154100
567041400
567001170
567001730
371928000
525014017
701006216
760000500
525017008
419001215
636013969
357964000
548097500
636017886
525011127
273351970
636015766
354068000
419000961
419000905
240350000
240305000
419473000
525018086
538007907
257077000
564422000
441001000
645357000
636011466
525008051
525005350
548170100
525017094
525017100
240949000
566778000
374621000
657899000
565684000
325600000
325604000
677052900
341545000
636016937
525119088
525008039
341033000
636013006
525100126
525014072
309038000
419001408
624018000
511606000
572234220
419001240
419506000
419001285
419000843
525005351
371417000
525003175
567000519
525018252
235008440
352799000
440718000
657128900
525008053
548885200
567006900
525003489
503788000
356284000
636018738
215242000
538007366
710999117
417222276
525021162
356802000
215392000
215736000
417222293
525012197
249446000
563048700
564335000
241261000
257868000
210449000
525020058
548279100
657176800
525014013
525012148
525020044
405000245
405000253
341524000
525008002
525016675
566292000
566198000
566976000
564002000
566306000
525200062
566199000
566915000
566913000
565884000
564751000
566203000
565871000
525100293
677080600
477950600
565873000
564045000
566240000
477746800
565677000
564475000
477866900
566821000
566914000
255803560
533059600
371125000
525023380
457445000
355437000
525006216
677001030
636014349
440107000
417222261
374670000
574001880
657111700
470191000
525022678
405000105
419000223
247152100
236111757
525008054
525015816
249193000
636013885
271000251
525008044
533580000
533170068
229848000
525007032
548823200
574808000
311502000
525001064
567354000
567292000
373991000
538090269
667001464
567002230
419543000
657115400
574001570
525100736
657116100
657941000
354567000
271000650
533000910
525008065
525021217
636013852
374339000
645469000
563241000
247180600
249065000
457726000
229636000
376164000
352305000
248417000
525020122
525006108
353699000
341171000
525009346
525109001
525008027
525023202
567054500
457493000
422160300
248330000
567067100
636010835
525020109
525011097
525017099
375007000
376431000
533180218
271002726
567002110
567052300
533130813
533180146
525017077
533180215
533180127
533130646
533130926
419000962
354863000
636014235
271001277
249040000
674010013
525016312
620100000
620469000
477698300
735059140
574002000
620470000
567050200
567054100
567001670
567001990
567002240
616999384
538006445
419001158
525119079
271043004
271002144
470466000
636010373
215029000
212607000
242619300
273910100
211214970
441368000
271000252
271043725
271043901
271046117
374045000
304690000
538006502
372584000
538005042
477791700
463046101
212575000
525025090
246490000
244047000
244870325
244850959
246566000
245875000
244790899
229835000
244850093
244890607
244870671
244900122
235058304
525300044
525119103
219039000
477638600
249508000
636013959
373911000
667001410
219835000
245808000
219021000
636016843
246771000
671026100
271000084
577393000
271002468
470429000
370305000
219036000
311000475
229815000
273370640
353206000
225371000
370647000
354856000
215178000
374661000
538003100
273381540
273353660
271045326
372470000
319032600
432837000
431101054
538006488
214182698
311934000
255805843
235118115
538005763
210943000
423405100
667001213
271042433
271008507
271007393
372091000
271000862
212854000
319660000
470952000
470482000
470614000
470177000
470988000
470290000
470321000
470365000
470852000
470438000
470475000
470445000
470571000
457601000
525100327
457900363
447186000
356376000
457900414
341504000
370824000
671558000
677026300
671359000
271002104
240544000
636018391
538006601
525022393
525015288
353381000
357512000
356182000
457573000
671109000
548033400
371473000
548030300
419018400
220550000
636015168
240743000
419083900
525015536
525005186
525015639
636014927
422040700
525200078
566431000
271044079
215439000
564548000
538005507
240136000
373755000
422664000
525200821
525015275
405000162
371579000
725001479
209437000
372381000
671018100
271002080
247311100
525011061
538003777
525015244
525019614
525020169
525019633
419093100
566708000
419332000
419000530
215349000
525015323
525016701
441381000
209466000
422041200
422041100
271002224
525019542
548525500
574778000
538006647
371199000
258293000
533496000
229691000
553111941
564749000
219164000
538003141
371564000
525019465
372594000
354988000
538007353
525003001
548713300
548062500
355617000
235074612
525019643
477250100
538004719
355438000
362011000
525019195
374824000
309908000
525006282
525111006
636091575
211182720
567050600
567447000
567012100
247285200
356318000
271000119
525005174
525019019
235450000
235448000
247226900
525015928
525003239
525020078
215873000
538003878
374321000
671310000
657105600
518914000
246324000
440737000
441962000
525019527
538007192
525007163
271002429
311000892
419073500
525022005
506078000
677071400
229478000
564169000
636013799
229363000
370357000
354275000
564065000
213490000
419081800
355420000
525005011
533170066
667005046
533002730
533170153
548260100
525013032
525015943
405000250
525015176
477397100
403701510
567015000
525100169
525119060
271002536
255802940
567461000
525012105
371827000
574825000
621819021
525025078
305280000
503533000
319653000
525097000
477802900
574050040
419018500
352545000
548579300
246644000
371020000
271040130
525120002
525020327
271055011
419077500
525016684
271000999
533005200
419330000
538007185
316001952
219378000
372847000
210115000
305623000
636017780
405000100
548290500
548041500
576571000
525009229
525009266
525003620
525015962
525005397
525015583
525015924
525015973
525016192
214181025
636015371
548110100
312769000
334014000
564316000
710319500
370734000
440193000
419673000
525015592
525022039
657169200
657169400
273311860
212557000
574454000
616116000
567001140
525015492
525025069
255806168
538090164
574001140
273430160
356917000
271000770
419697000
249961000
356363000
440116000
525707077
419000271
236111817
232018267
548673200
553111630
374115000
667001652
567478000
620282000
441923000
259732000
525015778
624013000
538004305
525016680
525005031
525009349
525009027
538004269
441189000
353402000
636014030
538002101
214182514
548813200
548634200
548647200
548727200
548770200
548257500
548258500
548256500
548563200
548034500
525100458
525100515
525023151
341213000
566006000
440463000
405000251
367061170
373484000
525100028
525015933
525024397
525022357
525011095
419351000
377901034
677054900
403701310
525013046
525016056
525013035
525016057
525013024
525113009
525019050
657101100
620281000
533257000
574279000
574244000
564724000
548611500
548636500
548642500
636017295
567062400
311087000
525675000
525019101
538004477
677028900
636019003
529899000
477592400
518100215
636092045
258868000
371821000
636018251
657413000
372884000
627084000
667001580
525019100
657997000
567273000
232004109
567065200
667001402
477502000
506105000
373276000
677020600
352504000
246789000
577193000
232247000
319034500
319112900
574223000
310397000
503000680
314490000
538070795
232358000
229894000
319060900
319016800
235032801
319116200
319103000
319868000
538080060
538071065
229908000
319554000
577302000
518100103
577408000
235077033
368076620
371810000
319080600
214181709
356520000
314459000
305377000
574230000
319149800
235110453
319099200
311055700
231002000
538003686
236502000
235102498
538006085
241617000
636015849
209430000
249834000
312845000
319466000
319496000
244770437
319987000
235241000
304138000
312495000
319667000
232013758
210233000
209233000
431100923
538080046
677084000
538006335
215285000
256839000
308234000
244700326
311000477
372505000
538005284
246110000
354644000
538004996
249592000
319762000
319915000
273892000
273352740
538080049
235093789
265321000
235011110
319458000
319741000
273891000
319071400
273890100
310222000
273893000
273447750
273897000
