205303000
205240000
244830818
246442000
238201000
373905000
215025000
247060900
636019022
238249000
405000249
677023900
567049300
273522400
375217000
377633000
408809000
377646000
376156000
376002200
236575000
273355440
636017656
636017658
212721000
209500000
256100000
273453010
273326750
273450010
273333980
209589000
273440840
601333500
255805460
408849000
408397000
408429000
408837000
408838000
408839000
408591000
408574000
408825000
408347000
735057550
273259100
372549000
671317000
239144900
538008021
636014574
538004682
312786000
273349820
248159000
671741000
422031700
538003346
244780387
248821000
273355560
351206000
215053000
375369000
319771000
229026000
304010886
304010983
305179000
636018211
255805850
538008367
255806188
255806186
255806189
255806187
538090548
538090547
538008464
538008369
417222332
248746000
244785000
248831000
245935000
246888000
248472000
417222330
538008395
538008405
477157900
538090153
538008354
538090151
417222324
245888000
677063200
205071000
205111000
244847000
246384000
247322500
354949000
240485000
373451000
414222000
371446000
271000414
677092400
431325000
316015133
373170000
271000957
566091000
256561000
440142000
441571000
235058697
440003660
351930000
441497000
356638000
308329000
371084000
239945800
353320000
636019028
235104723
636014368
366995940
273387540
249846000
273357540
413459010
574003530
351062000
305794000
215382000
636017523
278301000
375081000
304011025
636017523
431169000
432712000
212409000
247131600
273347430
271042650
214182731
248737000
256107000
352854000
271002601
271000642
229698000
413379250
413476340
414706000
477813500
413413210
477222800
413561000
412377290
413415250
413442980
413409620
414170000
414171000
414180000
413364000
413776000
620412000
414418000
414408000
414421000
373646000
253261000
373299000
370550000
371453000
355124000
373515000
371397000
356680000
352211000
413366870
371089000
413707480
413462000
477661900
636017384
636019004
375429000
375541000
477926400
477007300
477044300
477141700
477177900
477201900
477399500
477622600
414237000
414243000
636011186
636018736
636011638
375443000
636016341
414410000
414397000
414297000
477524900
413453610
414104000
412377210
414103000
414101000
414353000
413941000
414432000
414402670
414406000
413380190
414396000
477201800
413366530
412077010
414349000
414290000
414291000
414348000
414224000
414246000
413377840
414327000
414712000
414433000
414288000
312836000
373512000
414403000
413527480
413378490
413527240
414322000
413455930
413524260
414344000
636014629
414434000
413376420
412461640
414422000
413827000
412019000
413377680
414320000
414419000
477519800
413527000
413405430
414278000
414400070
356329000
477243200
667001758
413445130
477938700
413556780
564281000
414271000
414299000
414351000
414381000
518100265
371141000
477001800
244830834
477334200
370205000
244030629
636014220
264900044
264900043
636092603
428042000
249675000
636092604
249474000
249830000
249509000
477634700
636014219
428405000
314458000
249253000
636014222
636014221
249414000
477634600
636013144
428041000
428404000
428002000
428403000
256713000
461003000
211228710
271000261
538006179
275476000
246096000
235116958
413373780
412786000
352101000
566540000
261194000
209870000
240246000
636018247
235108697
256026000
238006000
538005436
538007281
273387370
273530210
374131000
636017864
367416890
339459000
241316000
271040583
373651000
228066800
229597000
354102000
636014251
377533000
271000671
636092183
405000199
271055016
245304000
246084000
244650317
432970000
431301612
431005238
431306000
240601000
357129000
354857000
710239000
413162000
518730000
