419207000
230109450
620212000
356654000
354597000
354681000
374465000
215454000
725001026
311044400
373273000
367002190
366940000
636091765
636016203
538007998
265291000
255806198
235067944
244660627
538006396
246724000
319070900
529929000
372176000
370247000
238991940
238018000
538002659
311104000
441533000
419746000
419745000
419000180
419000182
419001015
419001168
419001016
419766000
419001180
419765000
419689000
419001244
419555000
419488000
419688000
419001224
419001223
525023239
419001245
419547000
419001313
419594000
419001099
419526000
419479000
419001182
419667000
419000958
419000849
419686000
419001087
419672000
419001217
419000242
419001263
419000937
511942000
245296000
241657000
311053300
374190000
419001387
419001359
419001154
419001315
403589000
405000096
405000082
405000197
405000097
356277000
422036100
370929000
215007000
367740790
538007976
354070000
470239000
563029600
636012871
356316000
563079100
563079800
419001202
538080029
477195800
341815000
477427600
740339000
253254000
235010700
566738000
366905890
636091688
311000557
304339000
211555420
255805788
311009800
211809000
408280000
316093000
470293000
466078000
512006000
247057100
671011000
244966000
304010792
305286000
538007372
366897920
370151000
538006069
563731000
566376000
563501000
577095000
235070715
503710000
441542000
441245000
304373000
371471000
245503000
246065000
211789170
305246000
636092101
212004000
261007320
304274000
244170000
576653000
671456000
671021100
667001285
667001273
312265000
667001723
667001412
671476000
511100168
273353050
311000083
345030046
236587000
236111612
657111300
657113700
657139400
636018362
422237500
374364000
538007340
356028000
477534400
257324000
311018700
305949000
636017460
228329900
445273000
311919000
525019458
256988000
209513000
224477000
367643990
533130798
533131004
422856000
405000205
372546000
377004000
377136000
371036000
311034100
538003972
533130402
234234000
403400010
636017673
311011900
311012100
311034300
311071600
311000249
259691000
370430000
538005965
538006464
370764000
312820000
370479000
228029800
367003380
249898000
244562000
228053600
316006850
229524000
226280000
244719000
366938440
229007000
403259000
403265000
403266000
403267000
538071025
265519440
440247000
440413950
538005592
248337000
319004700
230669000
636091600
367141250
538005535
215329000
636013816
356272000
211226840
219974000
219593000
219024336
219953000
247381000
477519900
230994610
671811000
477652700
572941210
355669000
366857070
525005048
564884000
245443000
354100000
229047000
219328000
219001362
220624000
240736000
305059000
538004727
511139000
312527000
355208000
373301000
311583000
431000822
431400594
431400622
645482000
477264800
576982000
413925000
413077000
477925800
357864000
671994000
477925900
414425000
413217750
413122000
351781000
413446470
477317200
312922000
413439530
477514300
477353500
636017377
351682000
374262000
357308000
477444700
373886000
413140000
413446770
414338000
309813000
477514400
413380880
413130000
414363000
357545000
413123000
312554000
413129000
667001474
667001754
412206240
228099600
228041900
228074700
228136000
312889000
477766300
373157000
353849000
351241000
355476000
620495000
355109000
677095700
441008000
667001737
477728100
412526000
477346400
412379870
413705330
312821000
413695630
370800000
477024600
477135200
412408080
413701040
354251000
351725000
413703930
477301400
477301100
477848300
353662000
477925400
413182000
414142000
413697680
372110000
413911000
413695560
412459730
413811000
413940000
413696980
477098700
413705210
412017210
477024500
477493300
356725000
357394000
477016300
477435900
414229000
477815900
477733500
477326400
445251000
414283000
414265000
414409000
413136000
477270000
477792100
412520150
414114000
477861500
636018525
477415100
431004351
356267000
413701060
477114900
477552600
477163300
431006367
477197900
477959300
477552500
477293400
477947800
414228000
477898500
371319000
414198000
371170000
356434000
440062680
440121010
351857000
477504200
477883400
477387400
477749800
353241000
371769000
312897000
413686000
370069000
370328000
441492000
671895000
445561000
457051000
412523920
413330000
565914000
414355000
414701000
667001762
413471050
477400800
511693000
477800200
525020050
477397500
477201600
477547400
477680400
576242000
441668000
357576000
440495000
357057000
533061100
533000711
533036600
441685000
205771000
263673640
368669000
636016118
218031000
366238690
367073370
710234000
257332000
647821101
735059287
441436000
441987000
256534000
525006127
257139000
636092297
636017114
235070716
255806117
251211110
305274000
244647000
636091089
255805755
305627000
244220000
219982000
305090000
255804460
234889000
211237730
246345000
626019000
259599000
538008113
367000110
255806060
367309320
368291000
316001701
316012053
367000190
244952000
369463000
366971360
367647270
366938780
367932000
241150000
538007343
636019062
245181000
316114000
367021180
303348100
636091975
431345000
209489000
538006459
667001973
667001803
355799000
373184000
525021178
257331000
636017012
210894000
230648000
570975000
275402000
247315400
247312100
255806270
671197100
247352300
247314200
247322900
247335600
247352100
306813000
577019000
309701000
355874000
367371410
371785000
636091766
257289400
577242000
440909000
376481000
251180110
636091136
441726000
257856000
257885000
309193000
258194000
305656000
209715000
210008000
255805702
257936000
755355148
477493100
477686800
477335300
477444400
477444300
477241600
413369990
477493200
477105800
477080300
477335400
477990400
477415200
477760800
316007862
316038289
710015170
305679000
356312000
354564000
218827000
356441000
345200002
225430000
220008000
367082230
253533000
367007880
355209000
367862000
229966000
304414000
671662000
219850000
312389000
538007197
353904000
357199000
477861200
477881900
312940000
353312000
238326540
241609000
372296000
356544000
432754000
356882000
432732000
431000474
457002000
255805580
255805581
636019073
636090861
636091995
636090859
636090862
636090863
636091171
218685000
636018278
211777500
255805560
218857000
636091714
374543000
636017751
431000734
354056000
212339000
477159900
352042000
351157000
352936000
566660000
566517000
249362000
566785000
253234000
229967000
229560000
229451000
219000034
219671000
219676000
249557000
249551000
215077000
566679000
566725000
225414000
305007000
305079000
255805984
304095000
305643000
255805695
304922000
304970000
304979000
304978000
210903000
255806134
373217000
224612000
212370000
258906000
224647000
701006018
374653000
370052000
373784000
373388000
319112300
671776000
567509000
413111000
248177000
312119000
238116540
355961000
244329000
211232330
671062100
412533000
416322000
305895000
304844000
373860000
636018854
450485000
538004993
677021400
553111934
636014332
256522000
636014180
368148000
235073372
232019612
277554000
725001780
701124000
251036110
304010000
259417000
370602000
353070000
314416000
246481000
246309000
244810054
244379000
354844000
477293600
636090169
238253000
351793000
312916000
312705000
440414520
412472870
412525000
413472070
413472940
636015637
636019350
414350030
311033600
304693000
265576720
356011000
316031432
413487270
414382000
371439000
273441670
273426880
572740210
620522000
231101000
311028600
659425000
354938000
235103762
538004602
563876000
636017030
636015173
636016504
423112100
235010460
403701410
238743840
211270480
538002667
710008790
339518000
538004124
