470118000
636017127
316013075
351204000
373632000
466039000
538006685
352175000
508111214
508111215
271044072
477071900
671749000
414307000
477612800
477347600
374445000
316037697
566110000
477852300
413172000
671887000
312597000
414647000
636015930
414718000
354495000
356665000
636014633
353588000
477078500
355355000
354316000
413380830
477730300
312445000
477017400
477185500
413653000
414088000
414708000
357482000
353066000
247304700
572233220
323115110
457462000
574485000
574408000
574422000
574497000
574955000
413422150
511991000
319835000
311000267
312268000
538006178
256392000
319615000
403039000
356483000
310760000
538008210
477454600
312685000
518100487
357812000
212960000
353560000
431603380
431000804
310625000
249510000
373337000
353676000
511252000
636090959
538006170
312166000
370633000
312107000
440332640
538071066
438034600
316001245
316001246
373408000
316001247
316001249
316001251
316001252
520354000
210138000
316001255
316001257
657106900
235039228
316001262
367452710
356892000
525111005
370701000
373529000
667001896
636017944
566155000
566156000
566994000
564425000
310624000
511122000
636091047
725001972
231763000
636015149
463034101
311044500
356931000
316001265
