219016906
247241500
319030900
354356000
422088300
636016478
355770000
271045707
403103000
725000971
316014080
246591000
231091000
271002007
470377000
636013316
636017765
538007810
538002835
538003481
538006225
352730000
538006625
538007270
538006371
538007932
538003291
538007134
538004189
563070600
538007299
538006271
353069000
538007300
374597000
372240000
636013154
636014113
538007510
636013315
235096000
211208430
249875000
245021000
246465000
244820422
245309000
248568000
357279000
246467000
244619000
261091030
244603000
211330370
261535000
304068000
278995000
218143000
305356000
261086060
211795250
245554000
261044070
538090540
566479000
369960000
372180000
273314540
677079200
636015547
319113600
477103200
241453000
256848000
258241000
511822000
710102048
247342200
230987390
438000009
356463000
457722000
258633000
311426000
636013901
525023162
525012035
214182662
247369900
235111681
636015417
311005200
372889000
636019270
319403000
563015100
636018241
636015281
371324000
563015200
311021700
548948000
636016679
351310000
247013600
247281700
229385000
248216000
210724000
257056010
258725000
671135000
230992590
636017504
319005600
257031080
258062000
258315000
210057000
352158000
304955000
375277000
538006678
258204000
677099500
311000714
258296000
257246400
356187000
376344000
240576000
249447000
477963300
258328500
577130000
230103660
636013467
247279600
247094000
259002000
273353770
414342000
414328000
414350000
414345000
671350000
671697000
735058776
477607800
477826400
477826500
477656100
477325900
477027800
511873000
403537000
319287000
312219000
370570000
232008020
253377000
227006720
224374000
710033120
235075027
257311000
710002997
257282000
259413000
710007380
710033220
259332000
258033000
258016000
257883000
710033060
257335000
259827000
566783000
304285000
257794000
257867000
257034530
257085000
710027950
257911000
565281000
257132000
422067700
642122000
367374000
304010804
667001815
256050000
256860000
548033500
548096500
548049501
548084500
237955000
338683000
205689000
205465000
235108316
205477000
367337110
205482000
576964000
247052900
273831100
677071700
405000141
250513000
366997750
215136000
271046008
514455000
408606000
235060356
428000000
667001802
667001795
477851400
271044362
477915500
247047300
257376000
266260000
247069800
257756000
576585000
671128000
422304000
538008110
538008410
710006410
316007682
440144200
235007860
235107902
636016033
312264000
538090503
538006753
538006278
538006419
538006351
538006432
538006434
538006433
538006472
538006473
538006468
538006469
538006470
538006471
565792000
538005613
538007827
538008006
538008007
538005612
538005610
538006779
538006778
372930000
372305000
373354000
538006780
538006781
538004060
538005611
373663000
538003515
538003514
538004646
538090519
538007837
538006782
538006783
314076000
538006784
538090515
538004380
314066000
538007274
538004642
314084000
538006785
538004384
538004244
538004381
538004385
538004386
538004387
538004383
352557000
538004382
538006467
538004748
538004747
374233000
538006466
538004749
538004750
538006786
538004392
538008088
538008089
538004245
538006787
311000886
247087600
229868000
354289000
258452000
538090308
266259000
273381250
305662000
305210000
257066860
257035870
257071710
305224000
259506000
305371000
219017664
314005000
305936000
305928000
305929000
305937000
275467000
305653000
275472000
305443000
477089300
477849600
412276000
351606000
258135000
636012612
371427000
375177000
305791000
375133000
319492000
316007865
352688000
538008222
518368000
565744000
303461000
345010082
250000097
235012220
219000809
351699000
511100171
312709000
477684100
412750680
413601000
412477090
477027400
414715000
477225500
413156000
477850200
565831000
412468610
477769500
413700890
566288000
354892000
355513000
357025000
356588000
352098000
219159000
219000604
246191000
230245000
249128000
576010000
246188000
211226990
374463000
256453000
577418000
316014340
369970091
431000261
271046574
256296000
247269600
710027710
253414000
636014263
215094000
314415000
431000585
431006033
431301648
431300791
431005288
431001070
431007095
431401646
431300768
431003691
431601676
431000259
431401975
431006802
431008355
431003687
431003033
431008736
247073100
525021118
209590000
209366000
212232000
273452980
538002817
273387620
273343170
273419340
273329660
273350390
273329210
273337650
273327220
210569000
210567000
374342000
225410000
237611000
538003875
271002125
352846000
357297000
576188000
257471500
538008285
374357000
373474000
220464000
538004633
209216000
266261000
235085287
232104000
450511000
229920000
244780000
577349000
241163000
241211000
376083000
266338000
248877000
259849000
548923500
229396000
244662000
352417000
371999000
215002000
239200000
247118800
636018979
775088000
247380600
253008000
247041700
235009928
374508000
636092686
230685000
371129000
441151000
441175000
636018980
671381000
468395000
225388000
211333700
235083892
230628000
277400000
306851000
246824000
230617000
367586250
230637000
230007000
230006000
230987000
235010600
230982000
259210000
230368000
230650000
230642000
259591000
266262000
230643000
230618000
230622000
230981000
257409000
230623000
230671000
230631000
266239000
231307000
230632000
219483000
273349130
236111906
249361000
235068575
220441000
538006287
247193400
636017716
436000118
616884000
259345000
376386000
376851000
247311900
309656000
440802000
312681000
229381000
636014129
477779300
370317000
374226000
271043599
366985000
416904000
275474000
259407000
259245000
257135000
257563600
341438000
257042700
305530000
725000636
725002850
245466000
230341000
257456000
249425000
356880000
258999000
220574000
258357000
257215400
257078000
316014268
249465000
258226000
311000588
353038000
620363000
214182318
373562000
229486000
229376000
636015989
273389220
275437000
249262000
229243000
563038000
538004854
538005007
538004640
538004388
538005300
538006441
538004853
538005301
229087000
636015988
241310000
371949000
311000768
273350220
477244600
477244500
477151300
249305000
636016260
636016011
257181400
257309400
209762000
273426960
518430000
209787000
245226000
246620000
538008206
305381000
215386000
538006911
305188000
538007620
211221870
245861000
211208420
630123004
630123005
305119000
374120000
247055200
310675000
310599000
310588000
310662000
258359500
345070188
209034000
525005283
255805703
246619000
431261000
228292700
316001940
247105900
249314000
636092769
565606000
220229000
246614000
229033000
518610000
366855000
372805000
366603000
367455580
246592000
370395000
355540000
533180004
353484000
373976000
577351000
232019731
710004910
710009260
311000201
314465000
309914000
311000200
314426000
314431000
314021000
553111676
239552000
240317000
237836900
237836700
237023600
237023700
237024500
248297000
246277000
319051700
357951000
325606000
477527200
376746000
338359000
671637000
248058000
248288000
249955000
248409000
248533000
470711000
219142000
319793000
353464000
419001075
533180105
273439060
304089000
259592000
636014590
636018310
259530000
258266000
235085618
657100200
563003600
563040500
563028900
352247000
209950000
249896000
257322400
563217000
667001829
538008108
248976000
603100170
319743000
356121000
244864000
355446000
431076000
354373000
353288000
370224000
211233870
372449000
309375000
235101728
353193000
372191000
538003522
477153900
636016293
319072200
477232400
354480000
701006167
325103700
224200000
620297000
319079700
636012293
636012294
636012776
416024000
416004726
416472000
416477000
416015000
416452000
636012589
518100424
275446000
273355780
477185900
304010297
725000662
273353670
273356450
255806144
311046300
227009750
249364000
710000510
710235000
710014840
710000026
234450000
235006574
538008196
235109554
248596000
538007605
577288000
245581000
620262000
273337720
246621000
219025574
319838000
351434000
525015360
271045819
563061200
353209000
353860000
235103318
477963100
477892500
371720000
271042197
574410000
351215000
370543000
525018425
548632300
353210000
477218100
525005398
440205000
440184000
477778000
370524000
477534100
525005338
432808000
477044600
312409000
567469000
477257700
477136900
352624000
440228000
477220800
352103000
636018524
441733000
355149000
477098300
477389500
440225000
677071800
273396670
247286100
351048424
636014604
538006029
248902000
257256400
355122000
248900000
370161000
577051000
373760000
241500000
636012195
273441920
212917000
319028100
248496000
248505000
319061200
503338000
248492000
248502000
248493000
240991000
367146360
248510000
248489000
247287500
247271800
248506000
247275300
339406000
256678000
247340200
265610040
266203000
538004710
232011190
356161000
636014085
636014086
636014087
636014088
636014090
636014091
636015141
636015142
636015248
636015250
636015251
636014906
636015143
636015144
636015244
636015245
636015246
636015247
636014908
636015386
636014866
636014905
636015243
636015473
636015476
636014592
636014907
636014909
636014910
636015471
636015252
636015457
356788000
538004436
308496000
533001120
533130312
311000019
311014200
234497000
533130934
356055000
309999000
311075500
311010200
566888000
636012580
636017131
355514000
257048700
538003101
212530000
210803000
212979000
231160000
265812890
258932000
265581970
341392000
319058700
229855000
352753000
370896000
263581000
311002600
253476000
247003000
253248000
212617000
246174000
770576272
224341970
305234000
236107000
218364000
367532840
231781000
238020000
245387000
258334000
245639000
205559000
538002203
305164000
212563000
567468000
636018716
304374000
219015793
636092751
211202400
450421000
367593760
369327000
431868000
256991000
309906000
357054000
232623000
367690000
219435000
538004118
511891000
538007004
212368000
257238000
247273200
304010515
265068000
231805000
219753000
357736000
356493000
219313000
244645000
256704000
356651000
241023000
247095500
244180000
265509140
273337240
248384000
212792000
374040000
209488000
230112970
249000397
309938000
211364430
305245000
538007019
538004370
211294410
304080887
636015708
636013974
565358000
372906000
375494000
725003410
220476000
219000606
209078000
210852000
210935000
309807000
209487000
311007600
538004030
353773000
273335960
352784000
273451390
309467000
353306000
373897000
210631000
354502000
356609000
374813000
357735000
273441710
351336000
354871000
372107000
212782000
371812000
273398990
214182714
352349000
354962000
725000620
725000990
273374170
209211000
311000758
311028300
215260000
209591000
636091279
636092735
211272260
211272270
211692820
209575000
211364460
211272310
477308400
246602000
246807000
244017000
245525000
245215000
244780424
246571000
245147000
636091278
211272290
211216660
211219330
211298150
245824000
209297000
311164000
311878000
311257000
309985000
309186000
636013813
636091081
311000657
376317000
258857000
201100115
305714000
228017700
538007007
538007133
538006223
538006224
538007462
538007399
477826700
538006609
538007184
538007255
538007339
538007397
538006608
538007001
538007278
538008130
538003941
316001834
538003951
538005876
305995000
538003559
311363000
538005762
352283000
373232000
352071000
356612000
432937000
354170000
356866000
371744000
431014000
477266200
352553000
355036000
538005103
370062000
354750000
370797000
355979000
373448000
431151000
563042700
431148000
373075000
373235000
352623000
538005343
538006772
538003455
538006771
538005737
215298000
538006769
477831600
538006621
538003884
636011436
538005863
538007463
538007461
538007561
538006484
538006030
538003542
477831900
538003675
538006270
538005567
538007216
257081000
257605000
257255000
316029592
261000290
620232000
232005319
232005321
232002893
232007020
232011496
232014339
228320600
232014340
235107992
477108400
477083600
211208720
636018056
232002896
563164000
565223000
565174000
565176000
566123000
566122000
563170000
564187000
538002388
636008904
538003426
533368000
375565000
626004011
533130543
775072000
636012462
247323700
253124000
372635000
441929000
538007210
533192000
533189000
247282100
247282400
256328000
247318500
247318600
247282200
271043758
413301680
414720000
373680000
431200176
231106000
352509000
311000115
372698000
366336000
311065700
311000675
357456000
311000263
311049200
236403000
236111979
311000774
311000786
308036000
311000262
566948000
371931000
311000854
311019800
311000463
565773000
371277000
312506000
431200681
477193200
636013651
538004002
419001064
354049000
431200122
431011542
229443000
431601989
432762000
371728000
431004086
636016327
431300065
431004036
431009244
431003166
431001071
431004255
432298000
431402051
431005547
431013296
431600462
232011808
304010995
245806000
538003243
636016081
461002000
416180600
372768000
352587000
477948300
710005130
314462000
413300930
353015000
255804250
224266000
316013210
477003600
211208390
431101148
312374000
538002822
477902600
231695000
231670000
266120000
266477000
266433000
231701000
266235000
204708000
564125000
564761000
353183000
373191000
477535500
370856000
372197000
266435000
677043900
373750000
725002613
235096312
735059713
354840000
431006049
373381000
374261000
230964000
247158200
538008485
351577000
353584000
311605000
374020000
413894000
412422470
477252700
725000763
312054000
538003140
431100123
431602302
431001257
441650000
228190900
635221000
232006270
512426000
225318000
228080600
227146100
228066900
246183000
227549000
227570000
227370000
226255000
228066700
441910000
227382000
228858000
227894000
232006030
232008947
245159000
245794000
512000102
273240900
228071900
228067700
227302000
245899000
512000103
367487020
227917000
227303000
246054000
235005740
226180000
250000096
663147000
205198000
244850855
244810614
305465000
244850853
