370949000
352591000
538004168
538004170
355331000
351616000
249580000
249497000
538005654
538003850
538003851
538003848
538003849
538005585
356673000
636014608
636014609
538005650
538005658
538005107
370722000
538005653
245890000
246704000
244620675
305223000
244057000
246876000
636016983
538007097
219112000
212363000
212602000
212297000
210032000
209568000
210055000
209947000
209393000
209933000
210777000
209109000
210234000
212125000
209289000
209156000
212275000
209218000
209136000
210347000
209017000
212040000
210786000
212439000
255805810
408346000
408850000
431600499
273390790
273432160
538002777
257231000
273359910
311000298
247286500
538002321
538006248
271040150
205146000
246032000
244577000
244399000
244070300
245564000
244170169
244130992
245771000
245738000
244890644
245922000
246204000
244541000
245333000
246015000
246155000
244836000
246068000
245876000
244381000
245293000
246009000
245325000
245999000
244890031
244299000
244140042
245220000
244630630
244060000
246833000
245265000
245310000
245836000
232002803
232001610
235077712
230946000
230938590
511100143
255805849
373907000
567533000
273336610
273168000
273357920
249651000
247054500
247033000
725002109
257020700
319155600
477423900
441984000
211578000
440789000
538006551
311000169
273418340
371698000
576071000
563298000
538007982
538006061
373810000
563016500
477608700
371011000
357330000
538006338
374654000
636092630
373403000
566157000
373821000
565092000
374400000
477144200
636015559
374883000
538006751
538006707
373949000
357194000
352468000
636092666
235108227
355157000
209662000
538006494
563605000
370235000
371553000
538007067
352057000
355178000
373483000
538007122
355410000
563031000
725001193
374122000
371410000
564910000
311047500
271040610
271000753
271042566
271042567
271043164
271043165
271000426
271000973
271002569
672248000
209952000
319105100
248751000
273387920
657966000
339769000
636017869
636018698
431005826
432195000
316013340
316002340
432187000
271000359
273397740
466241000
601985000
636014919
447025000
538003073
636010647
240411000
538005256
538005846
215237000
538003300
636018329
667003399
356846000
271002572
440102110
441656000
372751000
256885000
445192000
319003900
210296000
271000661
271000662
271000623
538007412
249804000
265884000
538005033
477406000
416340000
416341000
351438000
351432000
351602000
352852000
351608000
353695000
357157000
357398000
477013600
667001237
477915800
566507000
441932000
264900073
273344230
370740000
566439000
470541000
370394000
657139700
440512000
441211000
533180027
357587000
357786000
371939000
371053000
374104000
477537900
312596000
671505000
636019131
311050500
205348000
538008362
538004549
248752000
205414000
205417000
538004260
538007145
371858000
440061960
205483000
205546000
205484000
205695000
241222000
538008439
212163000
205545000
205415000
205642000
205416000
357938000
725011900
538005754
212165000
538007144
525119101
241299000
205558000
525119131
357131000
357787000
357979000
357962000
357981000
355902000
416456000
312049000
416453000
416459000
357980000
567126000
567220000
477797700
477786800
477274100
477274200
477631400
357402000
671040100
305366000
305517000
305703000
304909000
305510000
356814000
416478000
477585800
477167500
477196700
304908000
271043303
305826000
305669000
257364000
356590000
373667000
353297000
373275000
353044000
373256000
371819000
511734000
636011280
209159000
636015461
563158000
352950000
538006296
538006451
215848000
215824000
215431000
538007023
229089000
356844000
355677000
374904000
477303000
477324000
477384000
477056200
477056300
477072000
477320600
477320700
477821000
372130000
373349000
372434000
352840000
374449000
477621200
354855000
214181915
312378000
271002571
271000854
271000748
271000792
353571000
230976000
271000793
271043513
351707000
352426000
710001530
710020260
710018690
372986000
225313000
241029000
354059000
265698740
577152000
671657000
667001976
667001603
219000776
577128000
374707000
273385120
230290000
431004469
214181716
271040189
247061700
247082300
246823000
258422000
760000880
567303000
636012750
369134000
369855000
367218000
369894000
338902000
369989000
367212000
367370000
215993000
366761830
538002776
367955000
338934000
367832000
367834000
368920000
338823000
367221000
367866000
369854000
367835000
367816000
367822000
338927000
367222000
367821000
636015477
273147000
370769000
477118700
457736000
525003414
525015618
