258247000
423208100
351402000
214182626
370749000
373505000
356006000
353950000
563004800
538006540
319893000
636011584
248188000
440217000
441282000
440015000
211383360
667509000
308603000
367155430
538007098
233659000
425000004
538006613
434123200
248218000
636091893
371923000
576532000
236546000
271043393
518100299
312803000
373676000
356749000
351855000
224528000
345110007
224994000
224127820
538007603
624017000
422036300
447069000
408919000
403520001
403711810
403521001
403533001
403531001
403526001
403519000
403532001
533000832
533052200
413424000
247350000
356352000
413155000
316023808
226338000
316022391
357479000
232013047
477743300
477108200
345040030
408883000
249870000
477686200
311000334
229139000
271044414
305531000
538002618
563422000
215379000
271000656
273422360
457010000
231009000
273356700
273352800
312309000
271002710
525212018
503742000
319747000
345040031
538005057
374761000
255805795
257047370
372023000
231613000
538008024
354721000
219298000
251133110
215539000
229178000
563635000
235100546
256600000
518100381
248152000
538007099
538005112
376696000
256489000
308785000
235111617
311000802
538007369
237005600
538005224
370381000
357488000
372697000
372592000
373279000
356963000
371895000
370350000
372682000
403231000
273388150
273380460
273392370
273393370
273391340
273373240
273383250
636092159
636092905
244020098
219000195
538002073
218413000
230659000
261061000
211215210
265509180
212182000
304264000
230091950
309716000
538003402
735059385
244590000
636014796
538007404
265425000
255805885
236038000
255805886
636092648
636092755
538002376
636014610
273337270
538008556
229883000
210966000
538005209
229881000
256495000
210925000
538006486
538003379
477137400
636015904
353729000
636015625
538005879
538003192
636015811
373107000
636014655
377288000
538003308
211226140
538005330
377256000
230666000
538002314
215058000
229882000
375804000
236195000
212240000
538008542
538003205
636016280
309841000
374193000
636016281
212733000
636016278
230639000
636019140
311000724
276779000
236196000
229880000
538005968
477767100
273436370
212906000
236039000
215096000
215110000
538008564
311000851
636016167
215795000
538006485
229879000
212748000
372467000
538005900
215870000
538008563
215871000
636014300
309075000
255805770
538003461
277545000
273320720
538005096
338602000
352517000
309826000
273317640
273391650
273311600
273334100
312226000
518100481
211286620
211227130
211815680
341766000
230995650
352583000
538005308
258267000
538002403
538002402
441906000
636015767
563775000
356833000
246733000
422141000
553111664
312775000
353368000
431546000
259767000
567506000
567428000
567561000
567030700
245741000
636014942
373125000
538002418
271002040
671828000
636090893
370832000
371859000
357492000
355960000
636018853
477167600
352945000
370853000
636018260
636018710
370293000
412373550
351621000
412764090
477001400
356993000
351282000
312004000
477464600
370006000
477067200
477770400
356480000
373971000
414778000
671059100
357433000
477434700
477518500
357070000
416362000
671992000
374796000
312799000
373506000
432981000
432823000
372624000
636013163
370723000
370652000
636019111
413472780
414743000
353553000
760139000
224324000
262007000
525016538
371759000
622123201
676072000
566675000
240430000
319104200
255805796
366925150
369113000
367006520
211514350
247335000
255805600
247224200
273354960
642122017
271043480
236029000
538006955
511082000
257112000
227059260
477694300
224436000
311000437
538006825
538005316
636013054
245155000
259250000
273385970
273433630
257080050
563909000
212487000
227289000
457704000
677016500
677043400
209080000
214182104
538003769
667989000
374343000
212093000
367061610
230987870
538005253
273341900
271000910
440169000
258306500
255804670
357781000
470678000
255805650
308701000
477767900
503747000
538005252
367677130
316182000
209391000
238113140
253384000
710017110
730153510
371043000
636016900
436000365
229930000
249255000
354001000
355267000
370167000
620071000
257062400
236714000
273336920
422032700
405000135
405000164
457900361
373701000
353065000
373165000
373872000
373240000
373351000
371886000
538007627
247149100
422036800
273435310
211549000
319027600
636014688
425001043
438031043
667001304
241522000
477105400
247460000
636015161
352634000
259401000
205612000
259402000
259344000
257845600
257846800
257847600
319224000
566500000
566501000
248050000
548652500
477224200
422040500
538004308
235077185
538003639
636015300
710011270
247061100
525107002
265692080
477103600
258196000
422036700
636016072
273459600
273358180
248138000
245669000
565058000
548827000
354120000
572906210
235108471
273358280
457711000
338570000
271044658
211386450
370646000
376175000
275495000
650000005
305145000
304881000
636091788
305717000
305718000
305719000
305461000
304512000
305302000
305847000
305730000
305512000
305729000
305511000
305700000
305824000
305177000
304679000
304251000
305238000
305078000
304288000
305315000
305854000
305466000
305853000
305975000
305756000
305057000
304954000
305034000
305152000
305343000
305536000
305472000
304034000
305857000
305561000
304479000
218433000
305458000
305222000
218509000
305529000
305372000
305159000
236111832
305048000
305404000
305097000
304868000
305757000
305392000
305240000
305774000
304330000
218813000
305775000
305690000
304617000
305537000
305056000
636092899
255806141
305459000
304332000
305460000
304164000
305792000
305856000
305749000
305546000
636092012
305367000
305682000
305822000
305825000
259123000
305642000
305823000
258242500
305939000
305740000
305776000
305462000
305255000
304127000
305108000
305755000
305855000
305933000
304746000
305614000
477852800
477902400
636091634
305256000
236352000
210208000
305908000
304094000
305859000
304200000
305590000
305551000
218629000
636091635
305663000
304543000
636092811
305160000
305865000
305463000
304043000
304968000
305885000
305065000
477638900
477096100
477203600
477477300
477096500
257201000
258825000
257914000
258383000
257446000
258202000
258082000
725000205
255806271
305548000
352299000
209527000
477627500
567496000
725001172
740337000
372291000
372976000
205694000
354942000
477639500
255805882
355909000
218816000
563678000
538005795
246598000
209056000
255803940
246596000
548967000
246795000
244615000
244366000
244819000
244573000
235050609
244271000
246232000
246215000
244403000
245916000
355650000
636016745
447075000
477653200
209296000
636018380
518895000
219437000
357250000
422032200
422036200
422031300
413205420
413193000
414150000
414749000
413280000
413281000
413190000
412011000
563962000
636013612
356413000
636017048
311000444
477641700
414414000
412438850
414227000
414212000
414218000
414032000
414187000
414289000
414186000
219731000
251407000
413506210
372142000
304839000
538004297
538004295
538006294
538004296
538004298
370172000
256675000
258297000
477883500
212857000
257072360
259262000
227051000
538006511
677073600
374060000
259717000
236565000
277561000
308121000
538006309
565242000
538003640
238230000
258288000
368954410
374700000
215050000
305301000
605176081
671020100
319016600
273384940
601132900
533130925
316023823
236153000
538071319
538071326
636015676
667002121
240605000
636017947
720962000
368991000
636017191
636092778
319008900
477214800
356339000
205481000
209411000
351864000
477133500
355783000
353163000
566923000
209208000
518100093
369970147
264163354
256377000
256362000
258102000
563230000
563582000
273333110
636092308
273148810
319065800
259622000
257972000
257079810
503354000
246252000
305426000
319091000
345030012
345050064
353580000
215606000
368026000
232003521
224441000
238309000
211553000
563014100
642157047
247000400
354881000
247007400
566377000
548952000
234983000
256021000
538006867
538006425
224689000
245870000
373259000
232017796
538006155
316035891
377907238
720958000
357652000
374681000
538002071
273831000
525119107
605076051
319740000
235114799
235095947
235101101
311745000
351271000
548935000
235091363
235118623
232012566
373408000
235111726
235101092
370360000
235089334
235118625
235093797
232018048
235110509
310526000
235101424
353562000
235092455
235102451
235076527
235101105
232012567
235096185
372960000
232011743
232015131
566164000
477241500
235094793
636019095
477099600
219348000
258271000
258310000
273353430
257706000
258764000
248024000
257684000
232018697
352084000
232008128
232003534
576248000
232006324
235116731
232014080
235089333
636019096
311754000
636019093
636019376
370495000
232012546
235112622
246483000
308391000
309234000
257898600
259319000
311000833
272581000
636010805
273437510
367522830
538001389
219672000
273379540
366920250
367719020
341708000
525018461
525015292
538003834
434123000
244110902
636013946
436000366
356690000
636091656
218832000
211727510
248277000
477213800
211387390
636092061
636019061
244820000
518807000
255805797
271040008
305741000
477639300
370890000
538007685
311016000
209341000
259092000
577417000
403702610
403710710
224074890
246613000
338454000
273419510
538006177
538080084
503000092
271042018
248919000
248920000
229543000
229668000
248459000
355801000
248163000
636015817
271527140
259196000
372995000
563691000
273446690
374631000
355823000
374731000
423014100
374969000
371555000
352180000
354200000
351802000
356540000
374634000
351501000
357661000
355214000
352373000
273353420
304050636
225344000
725000291
511535000
636090995
244700317
366995010
354064000
257392000
354543000
518630000
538007247
538006652
351831000
244536000
316005971
368071980
370084000
620280000
271044090
271043927
271042996
565299000
305799000
304176000
255805992
209207000
304907000
212723000
209613000
636092530
305787000
636018498
304688000
636018515
367539090
304262000
725000261
256805000
256792000
256400000
249810000
215064000
215389000
248102000
256508000
256243000
229953000
212637000
209248000
209719000
212752000
218004000
370580000
357065000
371729000
311030800
255805578
209247000
701120000
419793000
503010110
503572100
567389000
247084400
211141000
232008874
247373800
370664000
574356000
574260000
574280000
574387000
574343000
574463000
366988270
214182743
235816000
538005228
310611000
352412000
375003000
538080068
538005241
244830814
244830430
308261000
244830431
567054200
567001310
477847500
273353640
477866300
224606000
271008504
231219000
374038000
303426100
247590000
538007088
503737000
525014092
258681000
209563000
412301040
538002179
247493000
457900436
525119080
533180106
525023203
211225780
311000299
238936140
725000470
238928540
257629000
503404000
518690000
271044320
240646000
548934000
265878000
305502000
215236000
266314000
258308000
255805921
538007973
273352750
304242000
355319000
273358960
431417000
477133200
432716000
374216000
370158000
230938570
253650000
238399740
434114900
244110414
244090224
266009000
246697000
244150081
247034200
266209000
246694000
245198000
219001431
220147000
538003710
351084000
357934000
355947000
374486000
341522000
565439000
266258000
229339000
431008983
354246000
431005102
257489500
251199000
710000294
212153000
211225410
212255000
305299000
257022800
257219400
441896000
373234000
212685000
253556000
246093000
564886000
311000223
373901000
351265000
565769000
477443000
677081200
441839000
248312000
436000133
441753000
319113100
538004184
214182623
247288900
256714000
311166000
273434860
212337000
251063000
316040355
255805794
224230750
357404000
211711370
306239000
636016964
372085000
212356000
378344000
563197000
229426000
538007560
367305040
636013026
565833000
667003155
565564000
357844000
319482000
372567000
477967100
219189000
219335000
305329000
370399000
219555000
371716000
219288000
219020325
210684000
235054628
370400000
247342500
241671000
220294000
636016500
265656810
371584000
345010083
538005139
636013095
431008386
431001544
538004481
538005140
215877000
367416750
374367000
538005239
670027524
369174000
572917210
305242000
352481000
431009216
239575000
373198000
352161000
373706000
273392110
354676000
431000307
351711000
255913275
248314000
636014065
636016501
538090451
431005263
311063200
319984000
671437000
671835000
319523000
367741830
316245000
305565000
636018114
477503000
511038000
367581060
353874000
345050050
636017406
636017407
316014040
636018730
355558000
538002561
518915000
636014379
538005517
319169300
229425000
305040000
636014378
636016728
215691000
574862000
239710000
239737000
241087000
356196000
239923000
239924000
241159000
636016173
366515000
235090598
273382220
370544000
305566000
224536000
235054475
209722000
209463000
636092329
339446000
351463000
352632000
356717000
353986000
373463000
354633000
353248000
372746000
271000578
271000781
271000609
755389500
370658000
447089000
440265000
205218000
259086000
257934000
259087000
215042000
319086200
258396000
259088000
258072000
230085710
257745000
319031900
257342000
617023000
231801000
636017799
367574830
368836000
372114000
538004147
538004442
373193000
477351300
477636500
477932400
372066000
563367000
255806145
235087214
257778000
372132000
257180000
259620000
632001012
563770000
273390290
273436970
273477210
273431470
312245000
257277500
441017000
412328370
563262000
367318760
671996000
413458950
248968000
538003646
538003647
370782000
211284790
212827000
215316000
248787000
248972000
306039000
632001013
257144700
238810440
463064101
303273000
353292000
229080000
354175000
636016813
563347000
357940000
257221400
636013805
538004176
255805667
255805683
256815000
636017505
229980000
249124000
636018593
636016851
215825000
538006367
256784000
256541000
636019366
636013821
636017993
538002583
636016943
636018124
636017608
256085000
636016973
538006866
636018553
256996000
636017239
636018491
636018490
215135000
229866000
636018492
636018042
236553000
636092595
636092486
224768000
356679000
257277000
257614000
258041000
247159000
419000870
275359000
567545000
577123000
259005000
636091840
240609000
275334000
247214700
341602000
636015787
266431000
576300000
538007736
477195700
440037000
308271000
308521000
255910770
275482000
630123300
671599000
273217010
636018022
249443000
374590000
325934000
242048000
256031000
229336000
304010376
503007250
503792000
265674820
636091028
305373000
249699000
230915000
230357000
244130689
244130690
258746000
251848270
563567000
259246000
219018897
259353000
209356000
273191000
620146000
273382140
209387000
273529800
273352860
212654000
273552400
218346000
305860000
275478000
244234000
273457300
273433790
403100000
601572000
377277000
422872000
431587000
273320290
273383970
273446020
353063000
357409000
374838000
240674000
304010802
241392000
372981000
231803000
271002735
538002934
374803000
248933000
710002990
249575000
636017628
236111951
230676000
245656000
312066000
277399000
276805000
258180000
247284900
247285100
247298500
247292300
247298800
247303900
247303500
211212490
240463000
367006550
366981710
309964000
576232000
352712000
538005240
553111747
304496000
667001654
372776000
377121000
345010067
345010037
228322600
576150000
657110900
566791000
311000265
311000264
253372000
253411000
253511000
228030600
228095800
375446000
228064600
228094800
228073800
228073900
228075800
228064800
374750000
311000471
210699000
377559000
228324800
657145500
228325600
377662000
657110500
253408000
253463000
376972000
375895000
375047000
563046000
564752000
228061900
253410000
253038000
228062600
253260000
228022800
253088000
253177000
253431000
253462000
209028000
253478000
209360000
228061600
253498000
253512000
253527000
253534000
253057000
376966000
576153000
257212000
248453000
258511000
210634000
311000487
376298000
657111000
253347000
259001000
212502000
375222000
311000470
253178000
253368000
224029000
538007239
257384000
257162000
565384000
257067210
259830000
259928000
259756000
257901000
258947000
257199000
538005277
566643000
236685000
563755000
258767000
316001232
258924000
259773000
538005962
565396000
259927000
258925000
257401000
256691000
257373000
256694000
257441000
548799000
257370000
563760000
257244000
710019130
257246000
566855000
257288000
258960000
259887000
565028000
258910000
259787000
257514000
565397000
259788000
563827000
352388000
257145000
258802000
258795000
258804000
257290000
636016179
636016502
259577000
357622000
563844000
440889000
256247000
518916000
518100282
636090168
232003321
567059100
567002670
205199000
205501000
238666940
312794000
311541000
246366000
257050000
253639000
209577000
229731000
304840000
710006970
710008540
367741850
710005960
710010670
710009250
710032660
212372000
371756000
576506000
241244000
356073000
311057200
352131000
636012686
273310010
374039000
248871000
372871000
574001350
357886000
538005055
450535000
450552000
450559000
319249000
563109000
244860916
405000193
235074588
636016706
357961000
215150000
563004110
371148000
229044000
450542000
373767000
319156800
636018359
370635000
636016534
238619140
538004031
671551000
671559000
371150000
351355000
577243000
255806043
255806042
255806044
255806041
564173000
372119000
273327440
636018996
308938000
269084000
231164000
205045800
257031550
306796000
422023000
247341400
308429000
372444000
218158000
304742000
770576402
218861000
218815000
373871000
366946760
250512000
259454000
245931000
538005553
677077500
368004000
226246000
273298800
238154000
227286000
244020374
228188700
477866200
205520000
247287200
356970000
367123550
366980250
357185000
622135001
353851000
247054100
566987000
563042500
533131029
563042600
457026000
372053000
372639000
351896000
355959000
576091000
371117000
373077000
538090124
538004601
356132000
373816000
357743000
563147000
477319900
477962100
477691600
477962400
235061354
352971000
370170000
354600000
667001731
538090453
351660000
249137000
636018508
566422000
351008000
212552000
563019800
311361000
525015811
319025600
432976000
431094000
370617000
636014380
373569000
538003976
353379000
370735000
725001963
370594000
228194800
503380000
246881000
548942000
373511000
235106595
232000840
219825000
214182709
232006300
235113762
232779000
235113768
235108536
235113773
235113761
232006298
235113757
235060455
235050369
235108538
232006297
235113758
232006301
235108534
235108532
235108527
235108526
235108531
235108528
235108525
235108533
235108529
235060453
235113767
235060454
235113759
235108541
232002833
232002833
234612000
565393000
564104000
565441000
564959000
564162000
563969000
565428000
667001549
220480000
303890000
273428300
636018128
374135000
538006768
319214000
319642000
564057000
564054000
564066000
525119033
219255000
219248000
219260000
219261000
256727000
248227000
220500000
657323000
220495000
220504000
220498000
220502000
220479000
538008183
431870000
636017767
370458000
367066970
538006217
374150000
273442040
273422810
214182624
477961600
367361960
246431000
245336000
244100331
246437000
244644000
245575000
244809000
246439000
244225000
246516000
244355000
244035000
503004550
367165430
351820000
725002929
566163000
375746000
620303000
636018672
368882000
257404000
205437000
255806004
257209600
538008380
538005193
366982340
577201000
636017520
209037000
636017986
636090534
636018194
538006684
264900262
264900318
264900333
264900253
264900207
735058741
345200011
548243500
760000820
311000358
311000428
311000310
311000427
311000426
311000403
760001130
215011000
735058197
730060000
563406000
563140000
563219000
566212000
563046200
563045800
447017000
725000910
247257700
431132000
538008017
477434200
218352000
636018295
262008000
258324000
373933000
353743000
353465000
563184000
356600000
566712000
636015455
770576232
512432000
345070242
210916000
636015240
271000025
211138300
218321000
211260260
211876000
211264190
211327660
211156800
211625340
218197000
218860000
273318480
538004651
273358410
273811080
273442740
273358660
273332290
248700000
477892800
354934000
636018588
564295000
636018053
355236000
258168000
355187000
370694000
215450000
636017184
566557000
371304000
352244000
374265000
372907000
374248000
356515000
565003000
356777000
636015458
373904000
371990000
477229700
477892700
636016529
352486000
636018254
371265000
636014624
305425000
357284000
538090525
538004408
357381000
372875000
477003300
636019162
371535000
357259000
354964000
372580000
370699000
353408000
564204000
374225000
357262000
354456000
636014625
357984000
565259000
355552000
477264900
372372000
259436000
248518000
257391000
371600000
636017229
563027400
259416000
503352000
525107013
259548000
525007403
525107004
525107008
525007320
353749000
525007322
273420860
440124410
441504000
441469000
356453000
533048100
533048200
533049800
533051500
533744000
533913000
533992000
533040000
533914000
533955000
533907000
533345000
533346000
533906000
533656000
371412000
352480000
356195000
355093000
566327000
355091000
355548000
319340000
225428000
431008586
354196000
374846000
374119000
477127400
477193300
352843000
374968000
355825000
352834000
371576000
356822000
269960000
357483000
271002214
271000691
271044617
271002464
247291400
576763000
271000506
345030065
304665000
636019304
374967000
374436000
374477000
372113000
316300000
319004500
366901880
316011649
316028554
316014621
538003301
441169000
357151000
538006549
256079000
371512000
576670000
671014100
538005258
367006630
235025112
636091937
636014925
666050104
657296000
311985000
255805678
255805677
255806009
636091848
636091849
636091785
636018715
304962000
271015039
273433460
730153259
431012744
246564000
235118274
563085600
565126000
235106302
259786000
538006835
235118542
235101301
564970000
419001312
258617000
538006837
563089400
232003036
235108619
355631000
235101302
563877000
564936000
564977000
232745000
563624000
564972000
566555000
565504000
232005344
235101303
235098017
419001311
564988000
566000000
232004993
538006838
566554000
232005859
232008019
564956000
563005900
232012136
564409000
566556000
563082500
564957000
564818000
565134000
566683000
235109137
563868000
259071000
235111639
248587000
563622000
232011018
259781000
259997000
563619000
232003788
563050700
232004100
563484000
357498000
232005596
564225000
310641000
232013378
310638000
563016200
538005789
566700000
564966000
563065900
565515000
565513000
564863000
235101305
259708000
259726000
563621000
564860000
566902000
235109536
566931000
563857000
232017460
235113083
563881000
563041000
538005546
564230000
563343000
565593000
235115081
563041600
538005715
538006841
235115082
