245271000
477608900
538004575
477638800
366238710
477592500
413139000
224729000
477213700
477559600
450534000
367479540
413478240
432729000
440546000
440116090
440188330
440154430
440059000
440079000
441786000
371227000
440003000
440011000
353641000
414284000
413239310
371719000
403127000
354797000
412200640
235014766
548835000
235014768
211305290
220146000
246371000
352322000
477547800
273430590
235115423
352515000
477174300
352773000
431602324
431001374
431300108
431011092
431000312
431301542
431012203
431011583
247392700
525300236
525300129
431000701
431000981
431004277
431070000
431003009
431005243
431500535
574499000
574457000
574008000
574411000
351229000
356796000
373167000
636018894
371911000
431005098
431006749
431011269
272793000
636018226
477345400
431005349
431620000
431001029
371487000
351459000
372094000
370189000
354101000
477548200
355835000
374515000
374547000
636018637
355586000
413490410
414253000
477463100
248038000
677015500
566817000
236111731
265547840
563004200
432673000
636015484
211362460
357694000
538004772
413089000
477764700
671102100
211311970
538008020
636018893
238008000
232001790
273856100
257257400
212491000
316040698
311000290
232017797
245955000
316031773
263701360
305578000
413013000
309309000
244683000
422204600
266225000
219384000
538008406
212586000
229646000
311000519
671515000
538002019
255805836
372188000
428068000
538071262
219332000
220537000
636015908
356427000
308924000
219207000
219209000
422206700
304853000
271000647
372731000
701125000
366934280
244336000
369207000
227023300
226242000
636014329
255806139
710001100
538006504
219500000
636014632
309362000
671346000
636016682
219333000
636016750
248092000
725001123
373708000
247190400
257882000
211280810
308803000
564030000
636019105
258822000
533000522
533170079
533170482
533170531
533170536
533632000
244149000
477058900
477614400
477985700
477926200
538006925
636091031
548581500
412665000
412623000
412651000
412674000
412673000
412675000
412676000
319133300
316095000
566707000
538071392
353518000
276849000
273349470
567588000
538005676
538005724
477177400
261148000
212362000
447131000
211224560
226273000
511403000
671318000
304218000
477112700
422050100
477699700
477182600
477739400
477765200
477598300
477742700
636018176
477739300
477045400
477399800
477978100
477196100
477071600
419001122
477742800
477176300
419001413
477112200
701006693
477293700
215008000
566832000
477592600
413733000
413821000
412736000
414125000
374693000
247156500
503541000
235004391
247362400
249579000
366998520
367532910
238464940
258313500
565643000
244650838
636016967
354179000
374221000
419000862
636092847
667001656
533014500
636015848
636015850
412923000
431008509
339327000
538004493
667001583
357501000
356838000
352177000
576391000
538008259
215497000
636017133
667001997
667001463
413018000
477387700
477641900
538071258
440148840
441867000
245239000
538004345
419154000
419152000
419042000
419043000
419046000
419153000
419000158
419295000
419017300
419018600
419000189
419000296
244180240
244870327
209071000
245381000
538003304
372851000
351460000
372850000
351430000
355555000
367563930
477217100
373623000
367655770
659192000
253188000
636018807
538003432
538004487
671735000
354323000
538001647
258193000
371072000
525100987
636014040
215169000
671083100
319032000
312346000
236445000
311023800
311105000
319041800
235050833
311036900
311000411
244780813
271055001
229116000
538002246
310713000
310766000
257087000
310767000
377276000
235076013
538004609
538005579
636019375
538004610
538005125
538005124
538005123
368185000
366766840
258429000
657949000
367511590
525119077
636016320
667001730
412681000
376106000
352779000
232010729
413021240
236610000
253046000
366593000
245091000
214181012
236277000
538008255
244148000
235009590
636092695
355488000
304011029
538005048
422231100
366990520
229287000
237039500
538006257
636014336
311067500
566601000
248189000
565464000
710011990
354117000
304010937
431001086
431550000
311011500
477537200
477858700
477850500
477234800
341278000
273416780
244762000
636015594
377901039
636019060
636019059
636018934
636018765
240957000
244720000
362066000
636017106
636019362
244155000
240906000
240820000
240821000
240999000
241356000
241297000
338731000
701006407
636018766
622112501
240958000
240244000
241086000
325981000
377901121
240307000
215013000
636014185
636018743
241279000
241022000
240290000
577171000
413021210
636013086
431766000
636014500
249180000
538001564
511228000
412068000
273374020
312327000
341092000
511100134
677062600
271043241
367452180
538006690
271043701
211222290
636016261
304941000
356688000
210133000
229852000
367732430
209282000
372261000
271000732
677083100
229199000
215277000
248987000
249883000
248639000
229203000
215284000
229202000
248991000
248988000
248476000
538004594
248990000
215280000
229200000
229204000
248565000
538004593
372453000
245488000
246518000
538001646
374534000
538007749
636013437
249293000
356061000
271000020
271043008
246199000
576667000
312727000
373639000
353005000
477830700
416436000
353797000
229091000
241100000
241476000
241640000
239894000
241139000
538007251
538004411
240748000
538004585
538005560
241183000
563032100
538006212
241127000
538002382
325750000
538004547
538002381
538007118
538004488
316072000
419001268
419474000
477002800
419794000
419797000
419471000
419472000
419796000
419505000
419532000
419531000
419000479
419740000
419778000
215618000
636018892
272972000
273130600
636092497
576504000
240444000
259027000
636016228
312473000
249280000
371313000
566709000
636017308
247006400
413070000
671403000
671518000
477776300
242911000
212580000
211188000
311000410
574146136
538007686
576971000
354900000
351257000
253651000
422231200
565761000
654000899
654080600
538008323
525300013
525016611
525300549
525100985
366978210
412069000
412648000
312814000
246209000
636013037
205555000
440686000
525015382
525015383
525200723
525015942
457900439
525103002
525005256
525005325
525100771
477151800
240679000
228026700
232006242
228031600
232013320
477271200
477007600
228317700
477407500
477898400
477939800
235118678
477730700
235109658
477584700
235116389
235116387
477537300
477348900
232013319
477900200
477439200
357720000
205048000
205049000
636018883
403519001
311000576
241591000
246845000
214182739
244142000
566468000
240988000
636014699
663097000
273446370
319002100
248740000
511370000
620150000
271002564
357362000
477694500
311000769
311000770
477114300
354487000
215438000
272595000
373024000
235103359
373383000
319806000
256638000
229141000
373549000
538004224
353566000
636017061
577270000
538003725
273420380
304906000
355647000
214182303
636092025
271001093
367515760
373344000
636014644
235099513
636017280
353625000
271040029
211254620
770576343
636014337
351067000
247104500
245250000
311002900
245912000
403540000
319094900
518947000
636015400
256660000
311807000
241409000
563081300
538004042
538005200
256058000
237006500
237453600
239672200
636018583
239965400
210066000
229665000
239860000
636015302
636018243
636015863
636016979
210350000
236521000
271000956
355735000
620499000
257909000
258658000
236490000
413370020
413371050
413375920
352561000
352441000
354668000
368400000
422201600
352475000
245279000
245044000
253617000
663105000
273848010
273332440
636016499
538008407
240858000
371420000
352023000
239627000
273318260
241660000
432722000
248975000
636016498
525019035
273353110
273380040
244030073
251524000
538002878
214182735
538007659
309666000
311971000
538002877
303284000
235091165
309785000
566784000
477995040
477995041
477995042
367515850
215533000
311042900
311058700
308516000
308457000
273559500
311062400
236297000
636018115
710237000
636018030
247270600
371060000
538007119
235074594
373704000
572200220
636014943
636011305
663191000
525003660
525300029
538006238
441999000
356411000
353245000
373338000
538004279
441686000
372047000
345070214
440198000
441196000
351409000
356040000
441890000
440872000
373942000
373797000
356353000
353191000
441453000
356283000
373877000
353043000
441076000
440072080
470212000
441457000
374598000
441466000
357992000
574375000
312619000
273424720
273356720
423366100
538006329
538006331
538006330
538006333
244821000
375661000
244810401
319063200
272732000
272771000
272773000
376689000
214181713
636018317
248750000
338224000
240383000
303589000
229411000
373577000
671012100
258599000
257797000
229213000
304376000
518857000
538004766
246555000
257247000
431213000
246216000
440917000
431160000
244030035
372941000
538005652
311294000
311297000
311295000
311000415
311642000
311000416
309942000
309403000
311641000
311296000
311638000
311000414
305198000
245033000
338678000
419000409
353467000
247355500
303429000
538004581
701000872
247273400
636018890
255803960
273445880
725004220
725019210
345070225
755003671
374785000
377061000
548552500
345070190
538008322
725004520
548612300
548657500
366857410
353380000
725002123
353252000
247550000
345070282
238233000
370453000
215238000
244642000
271043190
244848000
319043400
755003454
636016296
341017000
566088000
548558500
548677500
311177000
247171200
441706000
538007802
538005657
370697000
371558000
372997000
574266000
574940000
352011000
354237000
372062000
370500000
574000100
574000640
440121510
440155550
440135170
440183000
440363000
441440000
441747000
441915000
440145180
440103010
671037100
414309000
414319000
245413000
413977000
533000855
371583000
413300120
413300130
413695760
413690860
477281000
477424100
412502530
373082000
477097100
357335000
413116000
414023000
412046080
440119410
563272000
414262000
414250000
414042000
414245000
414312000
414311000
440389000
440346000
440344000
440901000
441717000
441677000
441805000
440716000
441977000
671039100
441831000
441754000
440861000
413410010
725000795
574250000
574433000
671884000
357276000
413444446
565625000
512228000
667001559
414105000
440301190
667001493
538007809
266454000
224464000
345070306
224769000
636017870
209213000
564362000
760001080
755905000
255805740
755001631
273389360
273395750
503000114
576980000
730092000
760000400
636017924
725000794
566654000
725000390
247459000
564753000
730151756
760042480
440066770
440232000
440065000
538007645
238110140
275084000
630123008
538004329
372140000
256705000
636092556
636092026
241265000
636017901
636016005
636019104
636015875
239872000
636017242
241124000
241013000
636014806
241668000
367002220
354568000
671923000
215080000
259896000
538008490
219011491
366939790
477405000
255805878
357706000
211234480
304010417
636016829
235093299
367409260
311017300
403160000
235089774
316036463
377289000
636018946
538006363
538007909
319032700
370772000
356589000
566946000
373345000
563376000
538004391
538004811
538004476
256676000
205388000
367493000
636016022
244956000
368240000
422230000
432824000
235010500
229437000
229417000
671681000
376371000
224855000
355760000
566798000
241421000
241375000
770576248
730151029
667081000
710016250
235055412
457593000
636018156
671909000
311053700
620080000
304631000
248698000
319313000
374061000
441287000
372572000
441288000
244096000
225399000
311017900
319807000
215844000
255805838
371820000
353642000
319151300
373716000
636016987
374126000
372290000
372856000
422204100
370552000
325891000
354093000
372983000
538007929
355084000
368100920
373214000
366982000
319137600
660001800
373067000
259215000
247048600
374438000
256701000
345080018
563043600
244689000
257249000
207277000
258408000
525021452
403700210
636092202
636092200
636092229
636090890
372598000
440330000
636014995
538005137
636092413
538006829
657922000
636092175
657118300
356945000
538090535
477013200
212493000
470886000
351949000
538003882
538004172
538004173
538004174
538003617
371286000
210696000
209258000
354422000
538003526
636019218
636019219
636019217
372473000
373658000
374948000
470890000
636014977
212851000
470891000
218023000
338616000
209192000
356795000
238116640
667001336
238143000
440109000
273314360
238250000
309599000
235115734
413378910
477950100
667006102
538005925
441482000
352319000
352642000
209855000
341295000
319036100
636012400
264900063
214182725
308704000
376593000
311000680
235028825
370843000
538001648
370545000
253201000
345010002
620273000
357028000
371885000
636015968
247209600
408576000
271044033
311000244
310768000
525100571
246271000
245081000
246436000
244281000
246376000
246607000
244085000
367082000
257002660
353316000
214182741
271043776
271043022
249911000
249379000
262006000
273419410
273152800
273137500
312442000
538005182
367658140
377901055
477658500
566169000
477296700
355993000
572952654
636013537
311024500
244726000
231804000
353686000
235098655
538008290
378296000
259595000
