477387600
636016980
636015350
240927000
241511000
241642000
636014114
271045342
371338000
224686000
248521000
225415000
224478190
436000156
538007104
236474000
636018670
311034400
257990000
258968000
354767000
308532000
538003946
563049600
370333000
667001542
247087700
636091121
357286000
403030000
253291000
667001710
357224000
271044537
357734000
355580000
370599000
538007770
352269000
577346000
212335000
271000921
319411000
538071195
273434350
231815000
273439230
273436640
636012628
636012630
538004839
538004840
241610000
214182224
518100213
246546000
309175000
538004729
538004731
538004733
538004732
244264000
636012624
636012629
273354920
247436000
667599000
775342000
319124900
533130432
533180142
352082000
311000480
311000826
311000481
305593000
311000818
351421000
636016690
210319000
255615000
266439000
218098000
538007980
271040254
271040248
271001254
538006091
249226000
244630780
353841000
538008097
373306000
352571000
352319000
525014039
248344000
636017713
229969000
477115800
725000628
209350000
259759000
246773000
319077300
636015520
277506000
247170200
247332100
247279900
247363700
247304800
247243700
247191500
247356400
247047500
247326000
247357300
247351000
247086400
247102600
563750000
563035990
273439710
341109000
352524000
345010068
371841000
273145610
244150827
353706000
740338000
657131500
244707000
255806090
246626000
355524000
354375000
373109000
371360000
353150000
373061000
356626000
563056300
538005604
373556000
566238000
352606000
357610000
351724000
636014573
357321000
372926000
563294000
356641000
431501857
538003569
635000300
228018600
226335000
227749270
525100486
226235000
228370600
636017366
601245600
636017495
228213900
263564000
440406070
636014299
351427000
636014595
241099000
237037200
636019292
538004512
331781000
218179000
271000433
477692900
248873000
229907000
205657000
367602990
238796840
256928000
636092922
440155000
440148000
440157000
440146980
319735000
319574000
214181714
215901000
353725000
214182105
351098000
247404700
235056958
373202000
312175000
209184000
605136720
229561000
308192000
229127000
246535000
538007978
273378220
235068573
249935000
261379000
305205000
257141000
636015509
273335030
538003820
351431000
353351000
372634000
227842650
370353000
477684500
636011266
242426300
304887000
636015279
215512000
370618000
371003000
533180137
533014900
533180157
304585000
319145900
432507000
538003298
209890000
271040406
354428000
563078800
563088300
563088400
563088200
563533000
563088100
271042325
566523000
271000874
271040407
271040405
319795000
563078900
477231500
636015353
565794000
518100485
477333700
440306000
636019168
338955000
563614000
367513030
338188000
367438210
367318000
309374000
345070246
512005171
636019221
636091480
211256150
636091352
255805987
255805951
352559000
563737000
432433000
372129000
236494000
636016068
636016262
636016069
477181100
235110641
256076000
636018998
273440550
671651000
755124000
372059000
538004655
370135000
538005114
431276000
636019288
636019176
355528000
538004953
353093000
248311000
636018113
356124000
370733000
525016688
525019230
525007402
563872000
255508851
255806166
538008299
305187000
304994000
636092658
636092120
417222323
417222320
246921000
636092311
636092313
636092312
636092314
636017392
255805979
636017526
636017393
566805000
249732000
311053600
354152000
319068100
241008000
374147000
538007709
503644000
351600000
636018984
271043457
375133000
377739000
636017376
319982000
368485000
235103057
257541600
538003896
272705000
357136000
353854000
538005430
218781000
636015613
356485000
356174000
371991000
319054400
376216000
538001663
256168000
241002000
230052180
477967400
227004900
255806013
525003200
525003201
525100403
525100906
525023246
525003202
525023251
564195000
565374000
566975000
368247000
367063310
232366000
563005400
563049100
563808000
563053700
244269000
457021000
441429000
351695000
538005705
538005700
538004177
538006477
538005710
538006478
538005695
538005702
538008018
538005706
538005696
538004181
538005690
538004182
538005691
538004178
538005701
538005707
538005692
538005699
538005693
538005709
538005694
538004179
567005600
259078000
567558000
376908000
567019000
366989360
256186000
567483000
441684000
538005074
538004283
538004486
241118000
316011760
370423000
563879000
224822000
576326000
503000089
319329000
636018752
371948000
372196000
373829000
564166000
273429960
273156000
273155000
273388730
273355700
273151100
273358380
273354480
261000840
636013373
636015284
232011317
538007241
311000131
249116000
212522000
241112000
636018909
239985600
538003670
237816200
273110100
273423800
636017197
256900000
229146000
229342000
256819000
229910000
538004343
229161000
249946000
249945000
256347000
249947000
636015549
367149890
240010200
236677000
311000673
538008153
201100185
241277000
538007953
538006696
538008084
538007962
538004540
538004542
538004541
538005903
565999000
565994000
538005444
538090516
538090517
538007205
538005056
538005190
538006704
538006703
237029100
620575000
239308000
725001180
229332000
636016535
477147400
636016109
229998000
657145400
657161100
538071279
636016421
422215000
422216000
422517000
273141100
273344790
244140388
312532000
271044036
229987000
219612000
538007856
367084480
538005830
636018921
636014741
538007884
636014740
636015524
538007005
311000785
248270000
636017175
636017176
377924000
224019630
273430810
273454040
636017796
240052000
237111800
244670454
244189000
319392000
538005635
371281000
355862000
353710000
211223540
374299000
374217000
372275000
548263500
370885000
477043800
538003876
457703000
212934000
636018910
319137500
237332400
229029000
224299490
503000111
636012321
538007430
636016558
503000109
636015525
538007273
353211000
357063000
256909000
355793000
440447000
512411000
212891000
244630644
212773000
253134000
477850900
257654000
215545000
235050284
275430000
255806118
440393000
376043000
212836000
525023133
220461027
220461000
525016520
525016401
540012200
565957000
601140800
212949000
577273000
525012309
659420000
247048700
356601000
351566000
356815000
353824000
219017815
431200675
431000678
636014278
636010329
431501846
431011582
431480000
431000590
370410000
209693000
376503000
271043443
244768000
229278000
672296000
273352240
372715000
308172000
338760000
725000964
374402000
725000981
477694600
671853000
257024000
257025000
210595000
258448000
311000381
257236000
257346000
257188000
257026000
259749000
257693000
257245000
257076000
311000173
258687000
258264000
258540000
258437000
710031050
368037000
511448000
366943970
553111843
212254000
477463900
258866000
367130910
259081000
577208000
316001223
258514000
577305000
257406000
310384000
367743720
374831000
249373000
311743000
316012774
354248000
257884000
477550600
210282000
316015269
259367000
259121000
367529420
368637000
257202000
351774000
725000965
235104000
209093000
232343000
636018555
351770000
256582000
538006861
249263000
247621000
247388000
247045500
247300000
247546000
247097500
247045600
247418000
247492000
212797000
563550000
636091604
431002607
230993790
567278000
374956000
373302000
431402068
355456000
271002360
271040024
548854000
309955000
566818000
236609000
431003203
371884000
431004619
601951000
374570000
236608000
308438000
247185200
247188100
247190800
247206900
370579000
356706000
247283500
247012800
247012900
247009600
354896000
319393000
567005000
371463000
370560000
371878000
355882000
356156000
636092867
636015628
538005954
256310000
239588800
314199000
224004720
224157840
431001502
419001014
219667000
255786000
273352660
213442000
511520000
273878100
273399770
273124000
273358190
273457420
273351000
257429900
311062300
236662000
236630000
236629000
247103700
247276200
247296800
236594000
236111758
247318400
236623000
244283000
244308000
538006337
232013165
538002784
636019439
356869000
247056700
341335000
311696000
367029690
636015074
548909000
563290000
565655000
563945000
371649000
563094000
566421000
564634000
565080000
566111000
538008545
566263000
373945000
563074000
563850000
563394000
565138000
353846000
548912000
566742000
565694000
565583000
563475000
563002700
563933000
565577000
564361000
563478000
354945000
374911000
538007552
538003440
353084000
538007638
432763000
354393000
374153000
353791000
374275000
372359000
224434000
538004578
272140000
214182722
229219000
431235000
431006014
431401854
431002005
431501395
431602307
431000709
431004011
431000299
457900437
352823000
