518689000
477832900
477043900
316013966
477752800
477904300
311000247
244670538
232012972
374213000
311020600
246085000
671017100
273191300
314489000
432528000
314469000
266283000
636018293
622123219
249742000
367240000
538002846
311000297
701006117
636015445
538006181
249605000
311000126
311000551
215362000
311453000
311291000
354956002
477300700
319556000
310473000
374058000
309997000
259993000
477817200
566356000
566159000
477900400
351331000
477353300
477620800
316025601
352493000
355352000
373880000
367171510
563943000
354180000
316001095
636015757
477305100
538003500
477151400
316014341
538005061
538005314
538005361
538005360
548005500
316021004
538002986
636018267
373176000
229566000
370118000
354522000
255805917
229236000
248162000
250004312
477899700
351188000
232010783
316014140
319009300
370272000
316001103
371967000
538001750
477960900
577191000
372358000
565556000
538003627
538004047
431461000
538002730
565463000
212909000
538006154
477424800
512400000
236579000
355678000
219585000
636907981
311063900
477847100
538003285
235011530
311000141
232019471
373672000
373297000
563066400
311000148
477641200
367573820
538004221
353092000
316004179
419000593
533110202
477700400
477614900
636013281
538001757
311000419
233694000
477351500
419000594
311056600
316006074
570515000
316025676
477980000
316278000
312816000
235104981
357656000
565311000
419000122
477783000
353128000
353128000
354423000
564885000
312666000
533054600
311000276
477637500
377901064
367503980
553111656
636017983
259758000
659070000
371969000
248208000
548958000
538006845
477190800
370653000
477191700
367535950
477353600
538008073
565269000
367649340
312187000
566625000
477150900
367721220
371800000
538007252
477435600
538007253
312509000
352715000
352347000
538006218
477691500
353898000
477690100
312761000
374495000
477657800
316009611
566333000
353951000
566594000
373179000
373402000
525107006
205753000
261000150
373564000
372719000
636018158
244918000
249903000
538007671
258739000
372493000
257363000
209209000
215066000
352397000
232270000
354297000
257022000
355411000
477195900
353600000
366614000
258473000
577116000
374919000
241089000
311208000
440097000
367782370
355575000
477752500
548747200
565469000
441636000
636015760
565748000
477614200
565545000
440199000
548174500
271000253
477178100
352989000
636014514
356761000
636015759
477622500
255717000
256523000
257355000
565342000
636015758
419000146
249333000
565695000
373155000
312068000
311000275
372917000
538002469
353455000
564494000
636018121
419061900
563973000
235111999
370530000
548486100
309051000
373689000
232217000
477628700
563006000
261036120
477942500
548960000
548614200
235100661
477162800
235098671
369588000
370796000
371815000
311070100
235076467
636092768
311000738
563319000
538003240
419000524
431392000
353131000
366588000
564310000
419000525
565405000
316100000
232480000
566378000
518100616
257011000
538007729
477784000
518100666
374772000
538003529
477054000
636011072
477288000
370425000
518100612
538003578
566543000
538007613
636016001
235056954
565809000
477040500
636017312
563005000
233092000
257991000
563751000
370867000
316013370
538002204
419000107
564486000
548198500
357707000
369703000
235011460
257954000
457430000
370989000
538005022
538004079
538006051
538005021
357314000
477139400
368032000
248209000
538004001
370131000
636018585
228072600
477065400
419098500
355531000
373445000
636014384
311947000
351954000
565031000
548344100
235062333
566966000
477079400
621819030
354234000
250004208
636015556
273390640
518721000
235010100
538007901
354395000
563832000
341659000
576785000
477797100
574258000
232015045
353709000
325889000
563476000
339301190
441612000
563937000
352581000
563714000
566544000
265226000
564079000
419064300
372041000
316007572
565889000
419093700
235102113
419000520
477942600
477162900
565572000
622122212
219257000
366980180
369228000
477203500
367356580
374064000
565966000
538005392
255805916
564252000
316022888
477903700
235098632
538007242
316025785
419001116
563682000
367977000
246365000
636016601
351026000
538004024
351149000
564147000
636016018
565192000
477835500
373063000
352851000
319055400
565538000
258479000
564679000
511233000
667001571
565517000
565252000
356881000
477802300
248563000
219022580
538006909
327802000
548765000
538090149
477535900
319866000
576211000
677033600
370743000
311000614
265182000
305261000
229070000
319010700
616999005
538070951
273316700
273426280
273351170
230655000
255805955
219565000
370040000
210326000
259297000
229722000
636017303
273380520
273427390
311041200
247282600
538007923
261000580
319142100
367382320
366518000
538007623
636016151
636016770
538006458
319135000
319128600
255806008
372252000
356207000
351552000
257032700
352745000
373166000
370932000
352401000
372426000
352687000
351218000
353963000
565413000
371751000
257292000
259565000
419001425
419001211
419076800
503000136
312382000
224405560
259425000
224286000
431347000
247046800
259832000
247028700
374934000
431000131
253571000
338227000
311013400
431301453
305123000
431000925
636015227
563010320
236111602
538008071
376035000
237014600
431501774
431209000
224543980
316607241
370960000
636090722
636092767
636092661
636092861
431000001
503597000
273317010
273412410
235102348
431400181
636013349
431701000
319311000
431100146
352049000
249806000
319064900
431004341
538002621
341021000
636019100
273384310
211225340
247293100
259656000
273392340
272888000
272295000
577434000
636016374
273437930
256518000
220198000
250102600
273399260
371831000
238252000
617102000
273332220
710004950
431003439
431005301
431000487
235072791
620076000
229266000
255806115
538005959
220216000
265724260
257390500
257293500
257394500
312012000
538002937
319196000
304586000
272293000
220207000
273539800
212717000
319766000
431402019
356939000
373106000
477010800
431651000
257341000
257040610
311073200
237280000
259298000
258107000
257339000
311000544
257626000
538007511
240168000
538007512
240221000
538005673
538005675
538004344
538007925
258167000
538007926
257294000
241264000
240092000
241380000
237118000
538005871
241260000
241340000
257786000
538005674
538003757
538004573
538005464
538004707
311000545
538006514
538006517
241411000
257959000
259424000
241412000
538005797
258060000
237034600
235006990
636014353
355753000
230987140
209104000
266469000
311000117
210375000
636015275
249339000
319141800
659429000
205682000
376974000
224298290
224513000
620065000
248217000
701006098
636091134
636091410
240183000
277293000
229251000
431009801
304050840
667001713
405000098
405000243
354878000
636019249
636017906
636016680
636017169
636018628
636016289
636016152
419786000
616999019
314487000
533180062
667005109
370153000
219005068
273411650
273437300
273313240
273417510
273343220
273349110
273459460
273350300
620133000
273310060
273310850
273335110
273316630
273317630
273316800
273310900
273317900
273318800
273335410
273313900
273334410
273340210
273315800
273310600
273396000
273456810
273332670
273315460
273433060
273339310
273360870
273337010
273339220
273430720
273334110
273319030
525018220
224297000
225426000
224925000
225386000
224542000
257261500
538003363
701006714
355854000
374858000
353524000
431080000
355896000
431332000
431315000
370407000
431496000
370181000
209191000
305024000
209312000
209656000
305394000
244638000
305305000
255806142
305375000
305395000
244150212
305961000
255806180
636092846
431654000
354839000
372104000
565043000
374815000
319158700
431929000
319448000
440633000
563048400
273330700
273339100
273332800
431986000
370263000
367618660
273339540
273435130
211270860
440452000
441840000
441662000
636092907
277553000
312084000
261473000
275484000
256159000
373136000
636016096
311918000
636018936
305665000
477719000
353889000
477105600
477920300
477504900
477220200
477351100
477616000
477203100
477541100
477182300
477007100
477704000
477276600
477655800
477825000
477832400
477627800
566388000
477832500
477214700
477222700
477454900
477035800
477738700
477702000
477333500
477958300
477147600
566748000
477738800
477100400
566389000
477883300
477293100
566747000
477655700
477738500
477220100
477222600
477321000
477627900
477274700
477612200
477189700
372740000
477056600
477182200
246650000
477946000
477806000
477738900
477121200
477617700
477817400
477293200
477829700
477067800
477036600
477607700
477103800
477067900
371842000
477617600
477898700
477282300
636018937
636019308
431012069
538004703
245417000
246011000
431008537
431008812
431004666
374454000
248219000
261000340
319058000
538002598
353530000
248701000
309285000
374136000
225302000
225315000
477154100
353883000
351009000
351207000
373482000
273345030
273362100
258221500
636092040
248704000
311049600
273457830
232004359
236111943
277339000
273396370
725001952
564226000
311007500
564968000
219024550
220442000
236646000
219200000
236111857
236647000
236112003
220018000
636015957
667001943
431011673
667001592
431000523
431501801
370724000
431000221
431000306
636015956
431012251
353879000
477133300
431000479
636011527
311000712
636014800
538004145
636012804
636015725
352630000
636009894
210381000
246265000
244660158
220443000
220514000
220516000
352039000
236722000
311005800
725000926
354751000
246287000
725004350
354216000
564638000
563039600
636018363
432651000
351320000
538005223
351360000
215676000
256558000
566063000
477913700
477510400
477510300
256808000
367455770
352929000
366607000
256304000
477510200
477913600
477913500
273330080
272056000
272057000
273330970
272059000
273331970
564570000
431000501
538008409
636015935
236589000
239697000
309286000
251155000
258083000
229215000
667005192
310529000
538003691
273346860
636018330
636018837
273356730
770576229
319014800
431526000
356344000
477340100
354967000
352065000
352830000
441893000
373815000
354329000
353669000
441609000
319349000
441628000
525003624
574128000
356035000
355722000
563007320
636018203
372645000
354764000
374912000
477137600
441903000
256743000
319150000
356903000
356111000
371742000
441969000
356175000
356758000
636017001
371560000
477480100
677054700
319024300
212050000
351533000
574464000
477968700
210602000
212507000
372897000
671720000
212091000
212060000
563022700
577238000
373981000
354762000
441970000
577110000
354213000
353269000
667001824
259790000
354330000
352521000
441980000
564421000
377434000
311000571
353400000
356309000
356092000
248838000
671721000
212257000
538008247
636018331
636018332
636018392
636018393
209263000
477434400
354680000
265339000
564050000
775612000
538004303
431501644
273396220
431004877
275435000
636018598
246046000
230995660
671051000
312391000
273312950
273389770
273338630
235103766
259496000
405000247
374678000
636019193
352914000
431556000
730151013
377901035
636016116
261497000
533896000
533057100
533060200
533042300
533180188
533048500
533056300
533048600
533044600
533130737
273131700
235000032
351931000
311000847
276818000
311040900
255806091
219003141
341055000
576494000
636013157
636017782
247304400
576399000
211232850
244180151
373735000
271044654
273323130
538006161
205054000
431500955
577163000
538071092
470492000
352740000
572852210
212958000
255805764
218042000
235102349
636017419
636015897
440273000
368926382
671446000
730152781
477943000
477089200
477079500
367172440
367481310
367174860
367174890
338447000
367176630
431400245
563539000
431501872
659033000
431001010
538008032
248048000
353220000
238621510
314432000
564010000
564846000
564237000
564392000
257432000
257470000
257435000
257474000
563431000
564841000
566838000
566839000
219002929
563038100
563036400
563037900
257479000
636092123
248006000
538008350
564216000
563044200
563041800
538008351
419001114
271046820
271000907
620040000
215400000
311000473
572263000
259753000
210930000
518100562
316005998
311000236
212688000
538002355
273845610
231842000
265192000
305631000
245180000
273355766
304817000
235008920
305284000
230035990
211214960
215231000
617091000
636019349
273518800
353242000
273873500
273290500
273399240
273359860
273419360
273397590
533180016
431086000
273212100
636015145
636008526
273314870
273313020
431001328
477271600
565696000
244670734
209217000
266210000
241389000
244796000
373222000
371687000
230252000
352141000
257110000
310233000
273443890
613003543
271002613
271042520
271000773
271042654
725004420
229131000
242006000
431008079
605076070
422034900
538003445
235025319
241460000
636009832
477899800
242079100
311000397
258828000
366539000
338221000
366495000
367109000
367457000
367703000
367134000
366508000
366846000
367381000
368445000
525119048
303270000
368295000
366273000
257056880
258674000
257846000
431264000
770576044
563623000
