308542000
372103000
271002119
205370590
533167000
357699000
375593000
538005725
355765000
667001798
422886000
273396090
511100141
256341000
374732000
271000220
373406000
354647000
431008653
432850000
248232000
311017200
566478000
232197000
355813000
671818000
371790000
256016000
357788000
312241000
431402026
431000612
431000386
431000443
432322000
352808000
431800035
431200050
431001242
373502000
256295000
413236000
369209000
431273000
303165000
577310000
538004480
431000938
432892000
431000580
431006343
477143800
431000639
431899000
229241000
273349960
209275000
636017422
431001061
548830000
548830000
431010742
431000834
431001837
431001117
431000833
431602319
319022600
603810400
431001259
432247000
431008242
431011295
253082000
512445000
477905000
431601641
431010749
431006000
351801000
477077600
538008385
566313000
432728000
431025000
431477000
431397000
431231000
431466000
431083000
432506000
671894000
432753000
431000162
431006227
312987000
229860000
357742000
431602326
431100967
431501866
431000792
431301616
431004235
431501639
431602168
431005242
431000497
431101016
431009016
431602142
354464000
431001493
431001454
657129500
636019358
636014807
563004600
636017394
503635000
251357000
503720000
366891960
616886000
271002023
271002259
273333800
241611000
477686600
525015993
525003103
273447690
273437050
271000588
231791000
230645000
248869000
240205400
239094700
636012640
273381970
227202000
205713000
636092857
636011915
209148000
273861000
229170000
636014132
273431840
355227000
215088000
370253000
247278400
248179000
370461000
256631000
210550000
525020236
231156000
229245000
375778000
249132000
431101012
431009595
257149000
232004456
316009457
431005439
431501816
372125000
352536000
338566000
353525000
273417300
377486000
667001657
572907210
248951000
538003746
237081400
367865000
567438000
477348200
431300352
538002754
273358240
477975000
477995400
477440900
477360500
636017368
477102400
412055000
477280100
441661000
356077000
477680200
477560700
416149000
431700233
636013055
431501839
277549000
565733000
271000976
671052100
351663000
416438000
431300018
416004697
311000270
311000307
377501000
273842800
241495000
237813500
241634000
357769000
371806000
357222000
251069110
209464000
273356340
273334900
273423570
273451820
272285000
273528800
229322000
273131200
273398460
273138300
273536210
273359520
272001800
273297700
273335010
273339660
273146110
273422240
273352220
273396150
273342630
273352000
273131000
209333000
273383610
273126000
273332560
273131400
273813050
273386300
273343600
273346600
273315900
261139000
273811020
273344600
273510600
213441000
273440100
273395150
273347600
273425770
273317480
273356220
273318240
273324700
273435580
273333500
273384030
273359620
273448600
273342600
272126200
304050982
273516400
210445000
205283000
538008333
538006663
215116000
271044301
271002103
271002067
271043641
237135400
441956000
273537800
463035101
271002106
636017375
271002180
671666000
403571000
403703510
239882000
240925000
671168100
564870000
355600000
667005239
636014598
246892000
244660086
525120006
667001771
677072800
249889000
273425330
273314150
273318380
538002281
249327000
304780000
366937150
303179000
235077715
235808000
220529000
311000611
311000613
311000607
311000648
325768000
214182672
310034000
450241000
209203000
304010853
304047000
235080328
219185000
220648000
219021240
304146000
304834000
255806171
305476000
431680212
431987000
636015582
271000744
235080632
677072200
265510870
218809000
244008000
271002030
256632000
258280000
258089000
219023116
229536000
238190940
636013817
636013381
257166000
377798000
214182718
241115000
636015815
503701000
261182155
271040319
271002451
249562000
525012191
525015839
273447920
311073600
249885000
308904000
422019000
422159000
370662000
431003556
432536000
432480000
431140000
432724000
374100000
422064500
354085000
636017125
237001500
374525000
636018107
636018679
244150488
209723000
351592000
305811000
240990000
538003059
431008068
311005600
373946000
373365000
367327330
466066000
230196000
538004299
235077805
236652000
209026000
256772000
210169000
319457000
538004914
211372620
235068295
232004453
235075591
538003584
215663000
366499000
538071106
325752000
259109000
256793000
229025000
231077000
316319000
431300795
431602315
431100000
209405000
431010743
356199000
366364000
353468000
725004240
636014190
341400000
311000167
636017925
636017926
636014528
636018595
636017263
538005268
538008300
538007506
538004261
538007030
273398650
271055010
373204000
271043410
366904910
431400908
525120007
273442130
565516000
636011916
273410020
374538000
371343000
271000266
538003869
305291000
538005970
266286000
266287000
266288000
266333000
266335000
265509170
373855000
351565000
351629000
431089000
431001000
273418650
248150000
636015872
419001356
272756000
538007254
538003423
239386000
636014430
257385000
431010345
576388000
525020372
431560000
431003277
248275000
431000654
431000275
431012802
431401097
431500561
432396000
325751000
477289300
366331000
303606000
215114000
367431830
235080635
373194000
440128000
246594000
273439910
273443000
271002668
352437000
271002467
354104000
229158000
356807000
374050000
354162000
636014242
576646000
374170000
352905000
372260000
354421000
636017305
338919000
266274000
368250000
566900000
636014693
353611000
576229000
576460000
636014118
353961000
431101177
538007358
636015780
636013308
351031000
431793000
576470000
565629000
371628000
636019341
373970000
636014456
353579000
371424000
440525000
441918000
440106000
374656000
370408000
351688000
440774000
440467000
440365000
441475000
440403000
440978000
440554000
441852000
440736000
636013350
273373520
215681000
215143000
271040038
226309000
319638000
636017107
237016200
357339000
239637800
229849000
375337000
241305000
371504000
249145000
256956000
354327000
538005909
419001426
636015480
538002658
244810490
248622000
258262000
440504310
440710000
440711000
440759000
440760000
440868000
440864000
441308000
356107000
236446000
236385000
236111791
636014820
352789000
229015000
353383000
215211000
356676000
373874000
353702000
370971000
636015158
373096000
373593000
601491000
357152000
236342000
248891000
236669000
352586000
354974000
248221000
209445000
366565000
259360000
236668000
367098340
355255000
352645000
354294000
538007811
441625000
372013000
405000134
272016800
403524000
463065101
671025100
538071243
352796000
374429000
440190000
440294000
538006507
565888000
466244000
605086012
273389550
565394000
273326830
273342810
229810000
567002490
567001360
567001370
636017128
403562000
671061100
374684000
305513000
422040600
210558000
538006765
354675000
431004512
211215730
211231520
229470000
574349000
273449570
354220000
230956000
238107740
319953000
235080633
477744900
563112000
259635000
273457980
271044329
272025000
369565000
256162000
354191000
235085999
235085467
367061980
367654810
240975000
564997000
241243000
565603000
240904000
548754000
276143000
356115000
431000609
432367000
432346000
431380000
266155000
247293900
319134600
373049000
311075900
356757000
477243700
355980000
636015782
357890000
566477000
538002880
305752000
403299000
235066953
305753000
538003974
245479000
553111716
636012480
244790950
538003253
241220000
354610000
477108800
477241900
249897000
373681000
354623000
477213300
229046000
371271000
667092000
352639000
240343000
258654000
232003548
220449000
338329000
338990000
566722000
355883000
671436000
636018011
431001588
245057000
351787000
373041000
431007252
431006514
431501739
431000175
431501837
667001545
431101175
431011559
431601546
431002821
431001757
431501685
431005056
431501818
431004372
431501802
249710000
419000154
229788000
525023188
215453000
248220000
565112000
565897000
271000845
525119099
229602000
229787000
256106000
256099000
229789000
256461000
249845000
229603000
215805000
357093000
273345750
457571000
431004901
431002935
431003736
431003276
431000912
431005216
431000338
566813000
576254000
355320000
357291000
273337360
377597000
220530000
257009000
303266000
431005342
431000664
566473000
277002000
431004772
209923000
351520000
525007401
319069900
356958000
431200673
352204000
319447000
257559000
431689000
431012359
229581000
373787000
518100752
309764000
235111684
563927000
229807000
241410000
316037373
352190000
319423000
235085464
553111163
316003980
636013190
354736000
477794000
214182721
431001012
431501737
431400386
431003497
431000384
431002208
431501278
431009159
431008495
431485000
352906000
257049700
257293400
257036300
319003700
356944000
356671000
355066000
277391000
248971000
372101000
538007972
248615000
246134000
209272000
209051000
209455000
257638000
374452000
251153000
538006032
219128000
366938510
440013300
316001235
211890000
257577000
257576000
525006395
525015259
525015392
525709283
533130612
372817000
354785000
355113000
372831000
538007419
352422000
372425000
355082000
525015248
525005014
210376000
538008462
210560000
210015000
209995000
525015114
525005005
525005046
525005045
351829000
525005054
351237000
525003759
636014303
352497000
525018144
525019417
525022006
636014302
525005032
525015868
354589000
525010018
525005052
525019407
525005030
525015104
636018220
525002089
373490000
636013980
525005047
525024288
525021302
525022076
445544000
373814000
305726000
525012215
525015951
525019448
533130611
525002102
525002074
525077884
525002064
525100536
525017091
525015174
525001121
525002124
525002121
525003348
525019433
525007363
525100261
525019362
636015773
636015772
525100457
525010373
525100935
416451000
525013015
440838000
353875000
440147000
440672000
440491000
440764000
440585000
440728000
352109000
440761000
352975000
441901000
441174000
441702000
441902000
440493000
477002300
441933000
441788000
525015393
355623000
525013782
370612000
636017488
525024175
636017489
357244000
563017900
257039490
566638000
211221440
373371000
259132000
566977000
563509000
636017746
230992710
258592000
259366000
205685000
237641000
210136000
311062200
273397120
357239000
310764000
352396000
538006680
311000683
366203000
271040307
311014100
354453000
368038000
477333600
432228000
431329000
255805933
357159000
355047000
273335720
319661000
354880000
432655000
432681000
354099000
432746000
431318000
432908000
431006342
636018345
431401837
373890000
352772000
351214000
538003824
211378190
431138000
512442000
230994870
431000173
311001100
477062000
205743000
431000628
356186000
636017641
431500862
431000783
431006217
273414140
244790079
273365000
354324000
273538800
273332830
273311330
211282860
305312000
256173000
232013164
309393000
235003070
235011900
232019804
273420240
215111000
339653000
273452650
273815050
273434980
577398000
311000696
477328500
273384570
258509000
257200000
248439000
477661500
566175000
377587000
273381960
246388000
244830547
370904000
273335510
431000457
209309000
304058000
636092135
374509000
241526000
636016100
239546200
229102000
205691000
230251000
229218000
440090000
441838000
477982600
303345000
357138000
247298300
257555500
238823640
273351780
273386120
273397150
440020080
272645000
273562410
440110000
441951000
441954000
440321570
271046709
238663140
255805686
636018959
441342000
636017158
636016968
273816020
273353940
273894400
247256400
258330500
209806000
205706000
273430750
432045000
432458000
431927000
432991000
538005264
477810600
431005484
431003941
431002489
636018668
576546000
431759000
431000156
431300086
431002547
431001659
431000218
538007629
356306000
305122000
239279500
265602770
273433680
431001082
311055300
563906000
563887000
563884000
563886000
566827000
566307000
566525000
566906000
566689000
566637000
566807000
564709000
566846000
566355000
477308900
477302700
477308700
477308300
563362000
563361000
565772000
565780000
636015659
477010500
566941000
636018269
477021200
372979000
538007702
636018506
564209000
564909000
564880000
477230700
564908000
564622000
477230800
564058000
564059000
563085000
636018507
477162300
477230900
477021100
477021100
538007828
565133000
477021400
538007857
477153800
477153700
565403000
565909000
565944000
563258000
477148500
565402000
477021300
477231300
563675000
563961000
477712300
477518400
566858000
563265000
477010300
563267000
477302500
477302800
477302600
566894000
477121100
566773000
566864000
565795000
565893000
563677000
563011000
477231200
355292000
565688000
563082900
357577000
563194000
566118000
563033800
563042400
477286500
563625000
565127000
563916000
564588000
564559000
565904000
565050000
564599000
565021000
565706000
566282000
564264000
564757000
564796000
636018808
563955000
564672000
564589000
564800000
564379000
564084000
564482000
273110700
375074000
262005000
432343000
431002295
431005426
373221000
431003904
431501613
209817000
636017576
373953000
636013897
538007344
431400222
431007293
431501809
431007119
431004193
431400685
431500541
431005815
431006022
431011131
431000731
370258000
431501727
431006736
431002983
431003083
431005339
636014865
431001602
431000631
431006632
431011458
356875000
431006474
431001729
511625000
431500893
431008542
431004009
564374000
636016204
431301812
357757000
431400223
432596000
431330000
431002923
431401953
431004094
431402014
431002865
432948000
431000766
431500123
273454720
431005964
249129000
538005974
441873000
440123020
373504000
636019158
636017748
636014323
636019090
636017639
636017598
636017999
636017324
636014808
636016802
636017600
636017383
636017601
636017602
636017311
636017429
271045639
636017851
636019240
636017285
636016955
257071530
230276000
246554000
258065000
325999000
238261000
538003827
273143900
636011913
209355000
211638130
304669000
304199000
563025100
309129000
255805902
238398840
238318740
214181911
617074000
538002757
566481000
249928000
229694000
229246000
249627000
201100098
201100136
259983000
249624000
251219110
211755650
538004913
372676000
235075588
258523000
259951000
212037000
251482000
351041000
241322000
241525000
636011782
636018951
636018521
636018123
237022000
237032000
241494000
240942000
538005006
636019277
240941000
636017739
241231000
636016587
636016367
241367000
538005501
255805995
238002000
210053000
636013100
231048000
211757540
257275000
273390270
258692000
244830399
258217000
257089000
538004241
370185000
304498000
273243700
457417000
636011914
273195200
257041670
440777000
440475000
538006107
440001760
440255000
538007741
538007740
538007143
477067300
477637700
477067700
477518800
477271100
477300600
477289700
477441300
477006100
477694800
538007795
477353800
305350000
255805997
213437000
525003683
525100094
525100645
356374000
354803000
218284000
231806000
273455920
538007766
577131000
218172000
311828000
345030017
533130703
311013500
567491000
477252500
372192000
431402029
370956000
311060500
271002077
230625000
271055022
308822000
445176000
423164100
273350370
265360000
566202000
373453000
416020000
351056000
351965000
371625000
305290000
316009547
273338920
431004777
636017643
357538000
431157000
432744000
431011857
431420000
353185000
210853000
436000149
354204000
431501706
311013900
273532110
271005004
271042963
271005005
271001021
271001022
271002672
271002673
271042994
271043070
271042939
338765000
305361000
271043661
271000325
353188000
671095100
370364000
272759000
354128000
214182724
271000065
271044024
271000882
273340900
567000029
257072000
257997000
259317000
257492000
257297400
257422000
257069200
259050000
257079200
257058700
231748000
231770000
258099000
257082200
257067200
257736000
259040000
257083200
246464000
244030996
244672000
244869000
440137000
440300300
477860000
477440400
441383000
351230000
440310490
477440300
477440500
355639000
538006870
245864000
564151000
565145000
564232000
257048880
636017895
239593000
241259000
636013184
538005366
538004243
431005074
636019067
431501709
431400692
701006194
431006332
431301714
431100931
431000774
431100966
431101164
431501862
431501667
431001824
431000136
431000534
431004221
431004261
431005151
431490000
211776000
636017509
235050811
352170000
431002068
431402007
431012797
538003446
538003835
229649000
212250000
212510000
212282000
212452000
