257970000
636012425
249708000
235088564
372405000
247157300
209889000
538006752
538007594
565303000
235010440
413706960
667001354
374212000
667001626
374437000
312673000
477810700
414017000
667001648
572856210
356886000
667001931
667001766
312846000
413055620
667001728
414337000
414358000
414364000
414428000
414413000
414401910
414429000
312001000
477312200
414352000
352867000
477768100
413145000
414240000
413146000
413133000
413072000
413055000
413212060
413050000
413153000
413495760
413173000
413494940
477314300
414193000
414280000
414379000
413320000
413017000
413138000
413171000
412209130
351096000
413446170
413452480
414286000
414306000
414318000
413076000
372166000
477166100
312240000
413471960
372720000
312295000
477730800
671777000
477510800
477002500
477477100
667001712
477314800
477110900
413380630
477347300
477713500
477154900
477252400
477939600
667001602
354461000
477588200
477078400
667001695
312285000
312642000
312040000
312218000
412375290
413040020
412043810
412379490
412765420
413144000
412678000
413375380
414648000
413375390
353876000
353872000
351569000
413405160
477631800
477639800
357270000
477519300
412804000
477593600
477098200
413142000
563046600
412104000
667001215
413249000
356303000
414721000
412521060
477257200
413058000
412705880
477158700
412763250
413165000
412380410
413147000
413063000
413057000
413380040
413380050
413378250
413159000
413891000
413060000
413176000
413054000
413073000
312437000
413148000
529605000
312105000
370834000
373913000
477744400
477541700
477282900
413141000
413183000
477786200
413068000
413166000
353912000
413205840
414393000
413053000
477173200
413521690
414325000
413012000
413149000
563022200
413169000
414238000
413065000
413905000
373665000
412513000
413381060
312225000
413167000
413131000
414404000
413059000
413125000
413064000
413161000
413452370
636015629
413151000
414361000
413180000
477345300
413692370
312523000
414256000
414279000
414244000
477595500
414389000
413170000
413150000
414402990
312498000
373285000
414734000
413374510
441883000
735023483
209467000
563060400
563191000
563056700
212018000
566836000
563054900
229191000
563056800
563839000
636018594
636018729
636013001
572158220
636016677
