244170750
246891000
244650437
244870287
244110390
244150813
457676000
375484000
257687000
677022000
636018142
220609000
209525000
636018135
636018145
636018139
636018136
636092870
212669000
209083000
636018137
636018143
636018144
636018140
636018141
209079000
636018138
538003354
319501000
258573000
269108000
636092698
538004453
257720700
219003122
236656000
236598000
419001355
236597000
236701000
257022550
236655000
236711000
212308000
508011000
436000162
548351200
419001428
667001567
356776000
372162000
422001000
373695000
408386000
319012800
351734000
370533000
677095900
620359000
525120009
405000132
312793000
671863000
226263000
227067000
228002000
226265000
224402000
253612000
503000012
503000082
503728000
256547000
273318420
636014327
657995000
352886000
312338000
374712000
367837000
256903000
353527000
353551000
229068000
229567000
671158100
422183000
249400000
403546000
403710610
273368990
273378000
224399000
538005260
422812000
636014926
214182625
636014923
677029000
422031600
636017962
229763000
574000500
566026000
311000693
355027000
477154400
353039000
374157000
477541900
563059700
354138000
249374000
370898000
352689000
316330000
316012950
226019000
351187000
247050100
247106900
258244000
503405000
239998600
563901000
355759000
236583000
256934000
636011215
538003233
319892000
372386000
371386000
371350000
565440000
257195000
253371000
441394000
441803000
239056300
247097400
368515000
256886000
636014701
538008087
636014915
538002013
244690695
355170000
355491000
248954000
273296700
408558000
356928000
636013146
431007574
247102500
354695000
636018913
209830000
354950000
352328000
271000228
244090781
244830883
548961000
304031000
376184000
636016613
503004590
370439000
565887000
636018224
249302000
256699000
636018661
636018557
251209000
239410300
636018756
246667000
353323000
249319000
529896000
256794000
538005753
235068558
226044000
636019247
636016319
374460000
538006097
636018662
271002265
248233000
377906076
353480000
636016102
636018536
667001768
351995000
273435010
566018000
311064200
248551000
275489000
247285800
304993000
339301080
209003000
311038300
215521000
255806249
256284000
572899210
247042900
354975000
229004000
256770000
256735000
256764000
253351000
255803350
209155000
419001306
419000378
548968000
525018438
563014700
232398000
271043688
273414440
211291150
211209290
211291160
211291170
211205950
211209900
211228170
319586000
374121000
236175000
377901116
377952000
377901032
367167000
232004516
258352500
273376370
273375370
273524300
538005973
334008000
304161000
264900221
353755000
351220000
247208100
311003900
760001560
341857000
240666000
238112440
247413000
374218000
220245000
249899000
255805693
238028000
209447000
246302000
538007892
238353240
219627000
432665000
238894740
248415000
247463000
477547200
224081390
422052400
257628000
257862000
538005593
636011328
636011434
351645000
565153000
538071125
354244000
538006199
538006202
538006198
538006203
538006204
538007536
538007533
538007532
538007535
538007534
538006197
538006200
538006308
538006196
538006307
538006201
503215000
240644000
636019194
311263000
366889080
538007564
503798000
419001025
636012647
311000324
249277000
311000208
237529000
525016608
215004000
205761000
240897000
240213000
240699000
240871000
431398000
240245000
241463000
351563000
239989000
240633000
432666000
240658000
353648000
240708000
356347000
511690000
241444000
240517000
240657000
374757000
239550200
374274000
240594000
311000767
373702000
240870000
241445000
477547300
636014902
636011627
725000635
354590000
241126000
538004110
372355000
636016530
212566000
538008398
212684000
538008394
237037400
538003275
636016600
245179000
525016536
244144000
219000836
212466000
314311000
367530350
256828000
277324000
538008223
371526000
566393000
353473000
247312600
538005847
256237000
248300000
247324300
209895000
210628000
636015934
636015933
373641000
373722000
373638000
636015976
636015977
538007232
353526000
209162000
248702000
248428000
356320000
311000824
538007092
372848000
352681000
311000384
373527000
373317000
311049400
352861000
511100182
235093939
215978000
351754000
311000205
311249000
311000566
311293000
538006722
255805863
311000269
311032200
311000259
311675000
311000567
636015891
311057900
311007700
354197000
636016043
636015658
372552000
311000085
311000206
374880000
636015893
353884000
311000859
636015894
311000441
311070400
311000442
311000315
357146000
311000316
311000789
538007650
311000342
255805701
311010900
636019078
311032100
373494000
657170600
374514000
256157000
311000239
311055800
354527000
374270000
477098400
657845000
311000154
255805550
374999000
370240000
311000677
657134900
657122700
657135000
657105000
657977000
311929000
636014972
355712000
538008371
235055089
538007208
636015744
207133000
636015430
248705000
261001250
273333440
209562000
239936000
273354420
249560000
256827000
253356000
304221000
636017764
219016832
538007006
248828000
237010400
636018086
237003700
538008251
538007701
237042500
538007914
237320200
374448000
538006954
636018832
239619000
237357900
636018582
212398000
237358800
636019130
232312001
273554300
725001634
311000836
636015975
668114610
237562900
636018062
241233000
239912000
256550000
209927000
212026000
538006397
636014645
237183800
209076000
248480000
240963000
237033700
214182715
636014243
237325200
209172000
372503000
355618000
265608060
261000210
538002655
636015167
636091746
636018578
237021400
636018896
677013200
538005368
255806192
257330000
219664000
241048000
247211300
249547000
248914000
354408000
351090000
372855000
352737000
374964000
357289000
273335920
663096000
725000297
725001506
373938000
367581220
247237400
710003910
247237300
266205000
219000852
622112001
271000313
371734000
370287000
271044013
230947000
230024000
525019649
525004014
538001501
710030580
247349900
237592700
351445000
249496000
235118074
432586000
622115001
247117400
247229700
247282500
247117300
247187700
247255400
247312900
247389200
247385300
247353800
247302900
247322800
247114900
256430000
311413000
240174000
245196000
351262000
525119092
431009737
431003751
431000846
431003153
230985000
511234000
227246000
431501797
538002779
403700010
403701810
250004765
256603000
605076180
538002804
248879000
319780000
225488000
230371000
247440000
525200466
405000130
250101540
636017237
275432000
341918000
230931000
257107000
538002511
311857000
246575000
312783000
620131000
255805555
207038000
273454710
273412710
273455310
273451600
273413400
273450600
273411400
273458600
273454600
273418070
273438800
273392760
273414400
273359440
312226000
432541000
273457410
210226000
331168000
431006416
353172000
431301627
431301736
273313840
620384000
636016342
432809000
431400467
431005421
271000267
273451080
355009000
431003094
636015905
620415000
636013115
259022000
357474000
273349220
271000653
273372000
256652000
671046100
405000232
405000200
405000254
405000212
405000231
371867000
405000090
431004994
518100358
431000449
431301565
352675000
273350760
273456350
431004594
431005736
447176000
211233270
311045500
312871000
319156500
354486000
319093100
231066000
209511000
564467000
273441210
273458210
354912000
215003000
212390000
240675000
248303000
538002620
518617000
261521000
311000800
273393530
538003099
538004094
371131000
271044516
642122016
271042974
548809000
369070000
477264700
215853000
370706000
563066700
565069000
565335000
246830000
564952000
533130518
565265000
354367000
563569000
373121000
626016000
538004940
255805557
246443000
235050837
218802000
209011000
314468000
271002559
249726000
211215130
311038000
210001000
240472000
245634000
303233000
303294000
303656000
367688000
368293000
319069000
224012450
538004518
271044357
403075000
538008198
701000792
306094000
403227510
636017669
538003349
247311500
249731000
538008070
246519000
431493000
477981000
668049798
667001251
671397000
220439000
403573000
372060000
244790087
308784000
345040025
205538000
538005334
319093200
352707000
419001269
477318600
548925000
470552000
308511000
371353000
367159020
636016972
311039900
247593000
538004435
220263000
374694000
636092915
538006286
466055000
431207000
372361000
225390000
224898000
354352000
319821000
373930000
370467000
470403000
356067000
354963000
356405000
374579000
224390000
650117000
710000698
212464000
246419000
356086000
538004123
351136000
311000485
538006099
374052000
374972000
538008235
311133000
634125000
538003355
372616000
447187000
277530000
249771000
770576150
311000232
245882000
304972000
308031000
577047000
447190000
538005843
403005000
212529000
265348000
311000756
244908000
538007717
257038470
378112323
710005810
373090000
372414000
760001390
373185000
273343130
273351240
273526300
273385430
273355820
677081600
273339400
273448380
273369290
636013296
247255200
271002064
215123000
566816000
636018877
235010690
304612000
548352500
247069900
304677000
312680000
311000149
247046400
247303300
538003798
367395640
271000716
357968000
457050000
304964000
237133300
215838000
273358770
239634000
319037100
305654000
273317400
636016252
325692000
273324590
219470000
273319100
538007647
311021600
518100495
253114000
215500000
240690000
538004912
367161950
256589000
237029600
636013778
538005738
210412000
622120412
264900197
264900239
353780000
538003036
237365500
636017150
538003567
338456000
538008327
229960000
622120925
371448000
538005958
355426000
212638000
351612000
218768000
256096000
403034000
271002662
311000534
311000306
311000820
677026600
370891000
311416000
319957000
353657000
271000769
636015463
370845000
247391200
232019501
538006805
316001017
247317200
447184000
636017350
538002917
209936000
263700008
308248000
538002920
538003353
538003293
601045000
316013215
368992000
636092683
316036228
316036229
316002280
316013960
316018477
316001687
316009090
316018031
316005360
316011710
316035905
311000808
316014050
316034846
316036089
316018616
316014060
316001698
311000906
538003366
311000905
311000907
538005113
316003250
316013209
316001805
316009560
316006868
316015050
356185000
325933000
377088000
461000125
242974000
538002922
636010544
642122020
671303000
576910000
374103000
311061900
636016908
622139001
622120439
671152100
309255000
466232000
373550000
311000493
636012766
423177100
636016508
770576389
710003483
563051900
620304000
470341000
372764000
356959000
671133100
229037000
511487000
311000048
538003718
209648000
244790715
205686000
256101000
338724000
248523000
538002050
219148000
636015671
356821000
247098600
247205900
253495000
538003857
403527000
355496000
247215600
214180912
538002850
538007935
354720000
518100369
677073000
372334000
677080100
305469000
213300000
244291000
215522000
247322100
663036000
567543000
248174000
271002221
636092752
345010048
538007633
671709000
214182669
355342000
256682000
319071900
525200972
525200301
271000930
353705000
354885000
620288000
244790369
403574000
447163000
205582000
431104000
538005845
240615000
538005848
304619000
622115040
636016948
438031042
351371000
538003352
636017671
309333000
538003350
636010034
431894000
311000140
249894000
210725000
355972000
237561800
538002553
272048000
211216570
447189000
355257000
377666000
636017264
212210000
242012100
563034000
255805779
636015448
247276100
215060000
304936000
256649000
304642000
376609000
636014622
212334000
304738000
564060000
518100053
366771000
338619000
229318000
367093000
376349000
377424000
538006988
376215000
367137180
357509000
576392000
574385000
242952000
242926000
319067700
636017824
311020700
466443000
212856000
215223000
667001541
620501000
671030100
470310000
538003357
319122100
372005000
466002000
403086000
403098000
403058000
466231000
228037900
636017668
351901000
538004314
210556000
311468000
403044000
403133000
538005844
210479000
423470100
538003356
273419970
311664000
263701340
725001321
538003631
636014704
272794000
447014000
636017969
636015879
636015411
636015624
636015410
636015997
636015880
373391000
701808000
636091917
374102000
319361000
636015761
636014315
636014307
636015762
636017970
636015999
355017000
403710710
438031044
224359000
620118000
538005838
229928000
248779000
622120924
538005842
403048000
229926000
636017930
470419000
461006000
538003351
249634000
373631000
372879000
240158000
224589000
311000651
538003072
760000140
538070488
725026000
244830809
244830810
244870438
366893910
244830811
244830812
273416810
229048000
244620869
239802000
241358000
371977000
239736000
215222000
256178000
215350000
256388000
538006349
240760000
636017334
304050635
538007854
256556000
538004851
538007855
241339000
671345000
229380000
525003264
239947000
256557000
525119136
241208000
240719000
477131100
511204000
636019115
241209000
241376000
316007848
636014635
636015241
564233000
538003492
538003913
538003961
538003883
538003962
538003758
477110300
538004410
538003966
477058300
477733800
538003845
477733900
477163100
477185800
564315000
477595800
636013410
636013411
244830813
230613000
244870443
244870439
248694000
244830808
408857000
256576000
403234640
636012377
538004160
319150300
671373000
636018699
431901000
470752000
304944000
538003347
229005000
447143000
622115041
677619000
466057000
309904000
228079700
538003361
470143000
636017670
308171000
538003019
403003000
447158000
447097000
470447000
470341000
466218000
538003295
271042562
636092765
538090522
636092866
232016246
563036600
563043200
563035400
622111004
538003364
447070000
248359000
563060600
563062900
563060300
447159000
564324000
564391000
564405000
257204400
212136000
209273000
357389000
403062000
563062700
563062600
538004508
311000574
368988000
247111400
352160000
667021000
563003780
235838000
432817000
352884000
235079902
770576439
271046710
518856000
214181922
538004502
372940000
256840000
636013332
538003856
218709000
309975000
538003546
636015794
215047000
538003018
247291500
577249000
308592000
255805945
215430000
538005999
256884000
538003020
266042000
377085000
422032400
253296000
466214000
242135100
470135000
431908000
431061000
447153000
255805613
538005255
248895000
447188000
466038000
215517000
214181711
636017091
229929000
431881000
567061800
636017129
308445000
450557000
374696000
376205000
248575000
244870673
244870674
244810730
215343000
244780569
249784000
538004105
220016000
431009641
470810000
371204000
636018489
248605000
247048800
508111132
636091197
215228000
229445000
219016713
255805370
248153000
677042400
312974000
240447000
255805781
538003219
209215000
538005470
373025000
408598000
403136000
219002392
255801670
538003693
255805700
249679000
538004483
538005216
312304000
533209000
319874000
215226000
255623000
209507000
312414000
339317000
319036400
273219300
319115600
725014800
247387400
351893000
308287000
239838000
248214000
636014503
671189100
760000830
311000497
311000500
710003745
356259000
205622000
245718000
246572000
311000504
311000592
311000687
311000498
657118900
273392790
273392790
210688000
241650000
241293000
372757000
273355410
244389000
355828000
255806238
667001848
422215900
311695000
273342230
477900100
477317100
477243400
354705000
538006182
249122000
352749000
357782000
525119068
304053000
305391000
636015827
305976000
620438000
376809000
253108000
319662000
256526000
373724000
309368000
319837000
577064000
312358000
538005066
457043000
373765000
246629000
305342000
538003925
636092737
636018835
636019335
311000840
311015840
367764750
209550000
244693000
538006301
374506000
367121010
367121040
368272000
730051000
367611420
369042000
351124000
367120990
366896490
369043000
366938710
367518920
367517320
366930730
367184740
311497000
710074011
253093000
209223000
240630000
273358930
273445370
366866280
525200108
319570000
231188000
538070869
477655300
636016951
241508000
636014184
636015170
371398000
312779000
538004948
371433000
311076200
319260000
470718000
657117900
636017806
277563000
672747000
538007893
533000136
422035100
677047700
518100289
271055026
422658000
542456110
572871210
572953210
542441110
377728000
677096200
373809000
355322000
355534000
357887000
372883000
357847000
351399000
374710000
374677000
209530000
373361000
357103000
370030000
353892000
256891000
354827000
244650553
355401000
357086000
351638000
371897000
533130509
533130511
356558000
636015296
403529000
255806111
312616000
538005067
248738000
352593000
622135002
405000129
525020202
247359800
247290700
244027000
538007117
538007642
305621000
636015859
261000310
210745000
620476000
636016946
248727000
230172000
378394000
538008231
319321000
538005267
636018919
636017770
647801301
636014676
477903500
477826600
477493800
477795900
477435800
257642000
636018811
636014505
256906000
538004784
636014878
354124000
477866500
538004978
677071600
525014014
211548430
212316000
373473000
244301000
255806206
373666000
354735000
357835000
357920000
374512000
354260000
244370000
636092664
369113000
636015171
255802640
209066000
316050000
311027700
273394870
273146000
371195000
373400000
511273000
518100189
246263000
538003001
229020000
248043000
374142000
710008420
367640860
366939780
636018812
538003620
538005605
201100150
755003340
367371820
271002365
240848000
236638000
241408000
224622000
657116400
636018003
511100114
201100102
255805587
636012313
636017317
240950000
241145000
241160000
249251000
241206000
241077000
249495000
240385000
241149000
241058000
241044000
240706000
241428000
241431000
249489000
241106000
241123000
240503000
240446000
248876000
239698000
249252000
241116000
240980000
241198000
241429000
249254000
241196000
241197000
240585000
241230000
566082000
538004218
356437000
636015345
210895000
248269000
239925700
375276000
239855900
373300000
538005085
210737000
311052100
636018245
657968000
375938000
227681520
248546000
273340850
273319850
636015564
503677000
319025900
538007716
574961000
241081000
538002614
477218600
370337000
518254000
257222400
352017000
636092738
351531000
351739000
311663000
248441000
311064300
255805845
431002064
477832800
212450000
269684000
636014455
370811000
576026000
209394000
636017361
248405000
246797000
735057664
353691000
525006404
525022375
525006390
422039900
319119800
319004200
538008272
636018285
477850300
636017351
273383040
577173000
251390110
236481000
246140000
353929000
259324000
247090500
355386000
548333100
210875000
237416000
235062658
257358000
228219600
228353900
256684000
710023040
218667000
366976860
367000150
273379890
273414670
249134000
304010688
538008233
677090200
240597000
319879000
538004053
256568000
566010000
209850000
356571000
372945000
273450240
236637000
538003990
636018906
538006205
209252000
636018938
538004289
219000734
630123100
355664000
308789000
311000640
241096000
636013116
245020000
538007842
305706000
538008096
242576000
413699090
273318820
273318820
370182000
356470000
356414000
374604000
372523000
236466000
351327000
205772000
671728000
373395000
477634100
636018151
225431000
525022065
730152039
636090864
239930000
239874000
239873000
355418000
229166000
356389000
247100400
247056600
247270100
477462500
620081000
477685900
356774000
477493700
373360000
477733100
355949000
212028000
247823000
518100232
377263000
566622000
533180192
229599000
239668000
232014452
232012553
232017938
232012585
232015389
636018150
255802380
265882000
229675000
311065300
419001343
331225000
413660000
253258000
311053100
351201000
219002731
636018277
219473000
266282000
636018400
304807000
567552000
212951000
636016949
212775000
255805899
525018288
351145000
244615976
211516970
636017557
671141100
228029700
710023030
211686000
413434970
538003568
271001029
212519000
245570000
235011150
327801012
319153600
412379660
414295000
255670240
353296000
211231490
258536000
244554000
210040000
636091287
356298000
636015912
636017915
636013644
215167000
636092872
441548000
215206000
305493000
311938000
305322000
377342000
311073400
319138100
251377000
273430480
305544000
245615000
377221000
636091104
636092302
215784000
319146400
636092328
212075000
538007936
319271000
219379000
304145000
305313000
636018493
271002123
220199000
636018590
241195000
636092343
255806162
247104200
255805627
353816000
725016800
237997000
247352700
247046500
636092685
636014381
305091000
538002838
319155000
368018710
566262000
477691800
255806190
246787000
235005770
304081024
367384520
257983000
244889000
261084090
548903000
219023000
235090622
304080796
273447280
316014440
209322000
218412000
229992000
304577000
244180197
316003000
636092918
218359000
244660978
218779000
477759800
477192700
210662000
240271000
367369550
538003955
538003957
366904210
249025000
248829000
237799200
370511000
218856000
477192800
563503000
372815000
355663000
477133100
477188500
566264000
403586000
354209000
273355250
636018258
413199000
354214000
229984000
671106100
250000870
636015560
503718000
457139000
725001619
257400000
725001953
419055600
367185000
667022000
565640000
232003486
273431030
311000231
273415570
218777000
432810000
577300000
273443540
228111000
226304000
218835000
538006938
538006982
538007898
636016986
248183000
636017609
311000274
215074000
574932000
538006247
247343600
538006067
636019210
538006661
419001009
246337000
370424000
249611000
240680000
636092868
305615000
245472000
725001411
725001547
538004658
229806000
247305900
247422000
247041800
273421240
230682000
230988090
636016295
244660713
725011100
247349400
239191300
249998000
636014257
240704000
241341000
304019000
249966000
212156000
273339430
304087000
477958500
477076700
218791000
538004459
256102000
567057400
357382000
373376000
355526000
355911000
351007000
419427000
205515590
235572000
642167061
642122019
642122018
642167062
538003235
413938000
477218700
416147000
319070300
273418850
224376000
431700585
256432000
306811000
563008600
371516000
355891000
432399000
352652000
563077500
351029000
219791000
512433000
248854000
367848000
311064500
256334000
215089000
238023000
538004618
538003467
538006174
511011015
538003231
567573000
375282000
636015123
431777000
538003690
271046349
240438000
701006468
238013000
419001327
419573000
351276000
419001351
419000418
419000876
419000842
373223000
419001307
248633000
352385000
636013457
566483000
566950000
563266000
248712000
566882000
566958000
248925000
566318000
566953000
229726000
636018364
566960000
566705000
563722000
563247000
248699000
563234000
367696080
367773530
566319000
563754000
566956000
256818000
563498000
636019124
566407000
566880000
372753000
563231000
566961000
566957000
636013521
636013522
566879000
636013456
374776000
248711000
566704000
566951000
564619000
566408000
566881000
367759670
566410000
566959000
566952000
563726000
563251000
636019125
566955000
566409000
566796000
636019126
636014410
577271000
566797000
566954000
566482000
563084700
215282000
525019549
319989000
372612000
355174000
636015792
236204000
538002510
316002070
253586000
574004420
372656000
370622000
353378000
371709000
370282000
357432000
352654000
356180000
271045187
311923000
241049000
352985000
636091614
237002600
353013000
215160000
240133000
237751500
538006904
370508000
371139000
574319000
371844000
373303000
357242000
240878000
636013117
248594000
538008359
239617600
319788000
538006109
518100410
319669000
354448000
214182683
538004647
538004648
247296200
538004330
671706000
257001950
259261000
563765000
311031400
636016471
533180122
355596000
241620000
352167000
636018577
240078000
636018366
636018495
636014458
636018273
636017249
636017845
241014000
636017885
636018477
636017868
257659800
258031000
249480000
636016607
240119000
636016674
477174500
636018188
239981000
636014457
258901000
636018041
636018599
636018019
636017949
258270000
249807000
636015175
636015178
636015176
636018248
636015174
636018249
636015177
636018335
311128000
636018338
319267000
273453750
636014441
574340000
273311280
356171000
319310000
565210000
373879000
538007934
218481000
636018845
345070322
240981000
636016791
636018497
636017857
319107400
576483000
277373000
636018924
314391000
354123000
255804790
636092838
356987000
354531000
431305000
567581000
356257000
636018496
259151000
657133100
636017858
636018336
538005485
636018337
566592000
636018742
636016675
636017859
636014580
636018476
319085900
377719000
241203000
477454500
441323000
367494000
235108582
357767000
247290600
352187000
566097000
235050012
236670000
236471000
229961000
538007767
311044300
373962000
636017612
372417000
636016971
241162000
245953000
255805812
209672000
255806232
440501000
440042000
248693000
236691000
538004630
353146000
244170427
277551000
538003755
256438000
230145000
566065000
441619000
236654000
512071000
351454000
572911210
215046000
273339920
403702245
201100154
224240000
538004720
244454000
215037000
265008000
240560000
319030600
636015333
310459000
354342000
355880000
538002689
373831000
636017866
240437000
249301000
240284000
577036000
367704950
310563000
613003574
636015743
636016950
240043800
232001240
232000570
232003278
232003387
308165000
730152340
636014506
273324210
338995000
316056000
273298600
273333320
273386130
273370990
306111000
311818000
229767000
256396000
256182000
256174000
309481000
316002910
366860000
538003523
219025000
273350110
219616000
257742000
273391950
258051000
308753000
311681000
258205000
257739000
273219900
245058000
273432030
311118000
368555000
244538000
258535000
367519450
231053000
309998000
231125000
636018639
636016322
273449170
422035300
212048000
246414000
205710000
538005169
224170140
247256600
525016107
538005865
538005866
538005867
538006053
538005869
538005093
538005761
538005095
538005094
538005092
538005088
538005089
538006130
538006132
538007850
538005815
538005816
538005329
538004967
538005249
538005248
538004968
538006131
271043905
271044348
271044386
271040314
271044718
546005000
546018300
370297000
311000278
253444000
636016483
577149000
613003556
271003364
319057800
241348000
209799000
249069000
241134000
538007997
371175000
422031400
525061272
636017919
240562000
372956000
356069000
372988000
356159000
538003929
357441000
316014370
538004067
701104000
538004167
370738000
241607000
273342530
273399790
261000220
304712000
422182000
246177000
538003906
538005063
538006378
219461000
210440000
228186700
305786000
636016277
740406000
740353000
740359000
636019328
654401200
613323000
273443480
261001060
235052541
636016992
563532000
351908000
636014459
311927000
240816000
210594000
240580000
563089600
636090973
538006857
636092552
563405000
256241000
354206000
636017360
725001409
357848000
538002648
319883000
319162500
417222374
567068800
422035400
377523000
273538310
209098000
370681000
636016464
247221900
256672000
636014366
636014460
636015530
371529000
372870000
636012414
525007247
636015318
277334000
372810000
214182690
636014488
210622000
239762000
538002693
440169860
311928000
538003977
538003217
356508000
240626000
538007126
311000676
248531000
538002499
210842000
312842000
538008232
538007127
636018070
247559000
636014817
538003197
636014705
312037000
273397030
230624000
636017164
273350580
273359930
273422210
422075700
636015367
508111131
219596000
219927000
219551000
273424080
356643000
422181000
244810323
244700336
244820165
244830098
244730944
244850075
244666000
250004022
250004214
250004289
250004424
250004612
250005054
250004845
250004846
250005053
250000818
250002033
250000817
250002173
250002286
250000964
250002443
250000963
250001396
250001594
250001723
250002012
250002133
250002045
250002434
250002821
250001268
250000040
250001109
250000444
245975000
250000772
250000962
250515000
250000609
250002887
250002903
244750645
244710091
244710425
244020335
244050844
244130065
244140578
244870189
244150648
244170690
250005382
250005461
211130000
314029000
419001284
419559000
419001329
314003000
533130261
564940000
273432840
265547210
304627000
305335000
245542000
246057000
244221000
245148000
373763000
538004129
273311240
533003510
566489000
273448000
249320000
273437560
538001311
352916000
249092000
525015921
538003899
273440780
533000815
636014137
533130893
533180075
533048800
533052400
436000148
316007861
316030213
273459510
636017070
309402000
373172000
538006209
677041700
228263700
231355000
305681000
246556000
219012162
538003272
422056700
636014802
251507000
220206000
259637000
441544000
538007380
636019144
269689000
211488640
211160660
603100179
211160680
211160700
224871000
211488620
373154000
533379000
563013300
357728000
224065290
725002954
224000220
235096892
671032000
256791000
403538000
273165300
422040100
671737000
209390000
511413000
370963000
249332000
210905000
371731000
422039100
422038800
311000608
422040800
422056300
240898000
237026300
525119095
246864000
209618000
636016439
256436000
538005160
311931000
244875000
319629000
259959000
259645000
257156000
259765000
370157000
240524000
422039200
247333800
205557000
620228000
367008020
311000220
220221000
366972020
422035200
422042200
215678000
650001000
244750309
246719000
229887000
209431000
538004785
538004696
636016795
422034300
511315000
677039000
538003267
565427000
256246000
577031000
636013984
422038900
273391870
373158000
357169000
431501701
431488000
431005058
431011901
357994000
240944000
431005691
431000876
431800201
209199000
273423560
255806066
419089800
220628000
257536700
538003122
255806116
538002012
255806092
636092621
305347000
255806137
305346000
255806085
255806125
305345000
241622000
255806075
255806093
525006207
564851000
525200809
249780000
374649000
636015153
636015197
631082002
255806102
255806069
255806067
255806071
255806104
255806103
255806110
255806074
255806068
255806079
255806070
255805622
305213000
636092837
255806087
710027720
251546000
657141700
256695000
574000370
667001530
431501871
372049000
308932000
244580000
565712000
210549000
273316250
677092100
416124000
416135000
565933000
565934000
566161000
566162000
311000183
477845900
351938000
311000184
440229000
210960000
538005354
355876000
370004000
563018600
440371000
566548000
440058000
441722000
440114000
353886000
235007790
477016600
564200000
351868000
548786000
352236000
259291000
357094000
374424000
441947000
566893000
209570000
357353000
441993000
374246000
372912000
538006550
563025500
564676000
564993000
440659000
209534000
210565000
566584000
441995000
441992000
525119108
563598000
565988000
566277000
566427000
566256000
566247000
566599000
566552000
564508000
477413200
352377000
241189000
566432000
538006766
538006770
565594000
565658000
565654000
565849000
565834000
565865000
565626000
565852000
564211000
564212000
311000228
311000182
667001370
565863000
566160000
525005105
356479000
271000829
271000672
249187000
257452000
538005552
273310710
538006101
255806062
255806063
255806120
636092829
538008187
373227000
271000833
636019300
538005243
636019401
563086900
564540000
563033340
565634000
563030300
477817800
525024096
525023337
518100606
354380000
247243000
525018289
538090303
636018164
548767000
548775000
431601180
636012767
548732952
255806094
636091130
352424000
538090541
636092860
636018914
538003480
636015954
255806095
636092831
255806076
636092864
538006689
244886000
636092863
311000333
259528000
257390000
636091125
255806064
533130595
370195000
538003932
241055000
511453000
538004988
538004928
538006655
538090474
538007714
636018080
212442000
518100496
265604580
265604560
351374000
511464000
538004832
636092841
255806099
636092839
255806097
255806098
251411110
538008010
636092378
273356360
255806100
636015750
219699000
255806127
636016406
624015000
247235800
710033140
247100100
247045700
710003050
247209300
215075000
538004576
470943000
256785000
613003557
538007493
228079600
341484000
367367470
432790000
246017000
636018052
226000000
209262000
538002772
538008321
316030879
266220000
636018676
241387000
563117000
248097000
667949000
373740000
374614000
371838000
548966000
308214000
248599000
265734000
255801380
477700500
341607000
319061900
538090232
304010285
538004714
209012000
374999000
352986000
275282000
273348300
266266000
431220000
477317400
214180509
538007708
431996000
538004715
538071216
266466000
538006600
240691000
215034000
374548000
355840000
312997000
265457000
319031500
219019555
232023089
240169000
240839000
253369000
273828310
710998000
240126000
240127000
240125000
210248000
237943000
239997000
210167000
710001984
356923000
538005262
353510000
432545000
431004977
248478000
755003917
636092637
249201000
319564000
636019340
312255000
370429000
636092895
353601000
355758000
431004325
211223460
241317000
240269000
538003276
240989000
538008124
229720000
227222000
212279000
212272000
271045284
247165800
271000269
311067800
373454000
373293000
511100180
367139590
367435750
367336000
229712000
224774000
352585000
538004564
538003953
247086200
525119018
567547000
245810000
538004052
256424000
319012000
357231000
377074000
277504000
563011700
636018028
538004822
538004023
538002054
356556000
538003739
538003603
212553000
356554000
209615000
432930000
311000448
232006316
372939000
248289000
636018918
636013375
241217000
372521000
241156000
636015931
636011054
248458000
319305000
215015000
636015124
241294000
240420000
538004903
538003994
636016947
248011000
371027000
354249000
538003311
636018037
308876000
235080485
304933000
215245000
229853000
273414800
273440810
538002579
311000438
235112247
341565000
259474000
219252000
246757000
215026000
367445550
636019077
636019261
636018758
311054900
249225000
477071400
234201000
538007471
210377000
245299000
477926800
636018719
354532000
477225800
371263000
210605000
209506000
316013940
477926500
371499000
244790606
351176000
538007677
355967000
566040000
239757000
357215000
477969400
636018684
316002900
229081000
351450000
565193000
367313240
316323000
355468000
538005038
351407000
566917000
303591000
701006637
770576342
351796000
538008116
538008068
477969700
219302000
356258000
477036200
636018963
538004422
538080089
538004055
477047900
316013910
538008368
257591000
477045900
538007428
316002110
311005500
316001340
353156000
212772000
311010300
316206000
770576009
210754000
353778000
538007883
477201400
316004840
245723000
273419350
373071000
351538000
477071500
477110700
538001675
356756000
566735000
538007896
236683000
565414000
372075000
566349000
316027612
566039000
477534900
636019019
563005500
210748000
477201100
256850000
249297000
730151463
371407000
564355000
574269000
477110600
312833000
316004850
601202400
636018836
477852400
235074246
244670077
636018852
477542400
477201500
244670062
311000589
566025000
256041000
627179000
477786500
373796000
316014070
636016238
477110500
511100124
373320000
249227000
235114667
366744010
235116052
316004890
636018803
477641800
235117615
636091578
636018686
477222400
235112573
362087000
477047800
258563000
312283000
232004294
273411760
477617300
538008412
316001415
316142000
477163800
374032000
353260000
236112059
373756000
566634000
316007000
636013763
353598000
657158500
636018685
236111974
255805785
565232000
273242100
249343000
248713000
228189900
246253000
367010190
304535000
205231000
367241000
244630427
248792000
249960000
248295000
248483000
248145000
249701000
248252000
249702000
248080000
248079000
248793000
248167000
538008000
311000810
538007835
310013000
210185000
538007515
273244100
311000134
276809000
249135000
730043000
212930000
257268000
636015791
273381140
533130709
503552000
511100167
671946000
432783000
533130517
538007703
538003095
376245000
248848000
265067000
374740000
273439810
725015400
319726000
636014890
226099000
212919000
538007387
636016407
431003177
431100297
538004092
319421000
319630000
247166800
538005087
538005489
423471100
525023278
538005972
249117000
319825000
636016235
257002590
306104000
352166000
212932000
538006645
209141000
212852000
431370000
255805624
316015110
257207400
574003220
574001750
574237000
574002830
351458000
373461000
423072100
230987550
230601000
273355480
273383950
209510000
370180000
211852000
538007872
352240000
304792000
215413000
538003296
357880000
256797000
257210400
319055000
636017940
230675000
310556000
319112700
538001356
304080000
440862000
230110440
338205000
265041000
503043000
355489000
525100510
432613000
373051000
210007000
257211400
366739920
636017352
227395000
373884000
563038600
311498000
503000021
355621000
354087000
255805907
255805908
255801550
255801580
255801560
255801570
255801480
255801540
255801490
538003323
308315000
525024128
244650204
645376000
213445000
636091266
246578000
319009600
218554000
367192940
316001380
538005626
422035600
273316640
319592000
248805000
319098000
538008411
755043000
273350550
538090465
563065200
210886000
636013112
263502000
224704000
212345000
316004051
269023000
374720000
255806107
374760000
538003023
255806143
636014706
273415140
422089300
508111217
508111218
253198000
671432000
319763000
319111300
255924000
311000462
636018549
246865000
218863000
311000094
353649000
241581000
636017878
677027700
273330710
601195500
352351000
408529000
512219000
366779430
477201700
319011900
403539000
220187000
311645000
636013113
538007138
311000474
339563000
566792000
273342510
565238000
620453000
248791000
431003481
563045500
677071500
511511000
565102000
563001270
525119005
271044965
518938000
438037900
636018839
253613000
232006810
325525000
636013239
422032500
271044017
271002587
620050000
249082000
235000031
373574000
470776000
229847000
431009637
636015228
371823000
636015959
256204000
248762000
256216000
605266130
422039300
357292000
370236000
215410000
248454000
273318810
273438740
271002083
403001000
314491000
245347000
241584000
273437770
256689000
256255000
249323000
256551000
341593000
572798210
677060400
215241000
372111000
538005259
538071151
319063100
432996000
351383000
371166000
356611000
636015632
355875000
