245647000
244916000
257076220
257476500
230683000
258472000
257350500
311009900
525119104
672736000
372098000
677027900
271072237
538004273
538004577
271002075
431402015
431004648
355368000
271046628
353964000
538006123
271000226
271002044
271002018
271000879
657148800
305715000
356730000
408320000
408845000
319286000
525022377
440218000
441773000
257241400
440835000
440114490
354999000
565975000
566242000
566035000
249456000
256465000
248952000
248949000
220301000
566245000
566255000
219398000
249347000
565980000
565978000
249345000
566015000
565977000
249340000
256468000
256448000
219484000
249338000
249329000
219414000
566573000
566577000
249836000
249460000
219488000
219487000
565969000
565972000
235060989
566583000
566579000
249459000
566598000
566024000
367590780
258709000
249934000
259017000
257064430
257207000
258809000
574003500
574001840
574004050
574002240
574002530
574002850
574389000
477694900
413202410
412461990
477541600
319080000
374066000
574003660
356048000
371168000
356256000
356514000
354716000
354062000
374610000
373039000
355827000
371322000
412300004
413329850
413379770
413332720
412660220
371596000
370178000
374734000
574000960
374303000
414401150
477326800
413113000
477700200
566831000
525003221
412403020
574003230
477700300
370455000
413380220
574002900
574003460
574004170
574004320
574003820
574960000
477133800
373447000
574209000
574129000
477700100
413430220
566116000
518100179
566754000
565318000
566209000
518100015
529264000
518100357
477002900
413527210
477147700
477045600
477057600
477057900
413703630
413703960
413527190
304040000
477046500
413179000
413493530
413696180
636019127
413443420
312745000
412050140
357237000
412360000
414084000
413489860
413484880
413480940
413481620
413379000
412467680
413303150
477661800
413303010
413028000
413302640
413304540
413464330
412131000
312293000
351347000
657128200
272441000
671209000
671573000
671742000
620581000
671471000
511963000
228059600
374318000
356575000
441973000
432820000
538006183
432966000
431602082
431005008
229697000
251517000
241361000
511434000
431010000
431861000
431401856
432833000
431004751
431602349
431500789
432328000
235087726
431400486
431501815
431501768
431400208
431401954
432255000
431401458
432925000
372779000
636016898
357412000
431005527
431002761
620330000
538003609
419001125
461000257
271002624
548931000
311058000
261000270
477133700
271002721
271002013
538090456
538005957
538004361
236111768
538005043
218759000
212536000
319086500
235103287
538005205
258356000
257304000
226334000
257529000
466044000
209144000
477560600
244304000
244521000
246016000
245508000
244972000
245518000
671136100
431301735
257362500
431446000
636016199
372724000
538008164
218774000
431262000
311000512
548937000
636091186
374855000
548940000
470907000
422040900
219622000
577411000
636092587
636092181
636091255
636092551
636018732
636018561
636092034
636092031
636018562
636018281
235449000
375163000
319092100
636013336
319693000
538006457
248243000
229373000
231163000
235065022
440012800
372368000
440956000
636013576
477743400
577035000
356555000
212366000
309553000
431007188
422523000
477036400
477739900
312751000
312262000
413473660
414420000
412070140
412070310
412070340
412070380
710000240
412044750
412044760
412044770
413093816
413040010
412044510
413040140
525003244
566170000
566286000
373932000
477685600
477786400
238113340
271044259
249729000
440064590
440337650
440000350
440404850
440403540
440038520
354411000
352067000
357436000
636091137
440021000
576445000
440172000
244630026
212636000
304519000
636016692
477810800
367111000
257130000
304921000
565222000
440022000
219363000
258277000
211286440
667001840
353592000
218092000
477016200
230034540
636018769
636092545
538008094
231120000
636090756
636091413
636091310
248819000
636092869
636091597
636092810
538008095
636090980
636018767
636018382
636092914
218838000
636092669
636092906
419000814
636091629
636090636
636092572
636092574
636092570
563070300
311000865
304977000
277562000
219004647
538006405
636091484
671787000
565523000
440965000
351619000
477765600
564585000
566387000
431005156
441652000
441555000
440045280
470526000
246894000
246866000
244830401
245854000
477634500
566294000
413441780
353722000
341985000
374826000
413416830
370607000
356570000
352108000
542211110
636017579
538008293
422220000
457581000
219287000
219830000
636016186
235192000
235513000
235514000
244203000
374336000
477874000
219028000
246659000
246663000
375117000
246660000
246661000
246662000
219876000
441964000
636019256
236663000
241281000
518100268
636018597
219212000
235094449
235095979
245539000
244559000
245394000
246714000
246715000
256612000
403543000
636018016
372367000
533052300
255803880
255804280
255804570
255804470
533170578
255804340
255804290
235109129
533170554
533170319
538005220
258841000
563496000
259311000
258769000
305560000
231792000
259602000
259558000
419001453
419001368
431400604
431300387
246854000
567000490
567041200
256728000
319323000
211310100
211292900
538006403
636092073
353446000
477300200
563048200
419001382
319685000
477847600
440156000
239780000
249664000
311040800
677054000
636019289
351364000
311000396
667001743
357500000
374080000
356969000
357154000
352549000
710053000
257196000
617069000
636018280
309972000
373272000
636011900
525016552
372124000
636017199
355520000
636016419
636014993
371786000
209436000
538005188
538007217
235505000
247334000
576517000
374446000
370488000
431501746
431501868
431501856
431006912
209531000
477486600
271000871
235098552
636092733
538003704
538005884
311000187
538003695
538002903
601378300
538004103
538004043
538006315
538003926
538002957
538006106
367436750
338225000
369102000
345070389
367132000
367446970
367416060
367436760
367750000
357876000
319022000
667001416
477585900
525200098
308397000
319118200
671077100
431501712
636012379
431004586
258287000
271044073
244176000
372658000
273356760
259185000
257008000
636019363
228165800
231522000
377444000
304473000
259428000
210288000
231413000
257120500
304633000
257104400
311022300
257431000
257419000
259074000
311071800
259072000
257723000
259632000
309572000
311017400
235106049
258171000
257438000
257461000
311000229
259073000
259520000
259305000
304734000
231099000
231812000
259199000
422224000
422223000
304036000
231108000
231834000
231837000
259697000
311014800
257888000
257001650
258732000
257222000
231251000
259707000
231565000
257347000
304717000
538003488
311014900
538006326
265528920
366606000
259848000
366943250
538002237
308796000
477869000
636017201
518100751
403541000
620451000
354787000
431005182
431800597
431800289
620023000
357878000
538007993
431003061
432590000
431007856
355146000
255805614
370132000
235104651
538006384
666050102
271055024
249615000
511191000
710030870
720953000
219305000
352152000
710026140
256323000
304183000
636018747
305113000
636019008
304090000
304091000
305866000
305767000
304204000
305102000
305647000
304182000
477269700
574003940
246222000
244205000
244197000
246107000
657939000
657106000
657801000
211399000
248280000
257032850
369155000
518100678
477817300
477826800
477317700
477826900
477617200
477661600
477389600
477899600
477899400
477317900
477726600
477899500
413454360
245505000
244890515
232000420
232649000
311000253
235000864
413458310
414746000
240998000
375083000
230985150
636015034
356251000
372722000
258327000
209845000
413964000
219594000
255805874
209348000
244010871
245513000
244014000
477243900
211223190
244215000
244979000
211629000
258628000
414073000
258853000
367098550
257804000
211223120
235067397
370329000
372286000
355293000
351568000
356106000
244060659
257306500
244061000
258443000
659471000
236165000
255806191
209857000
305612000
431601056
671069100
413455660
431100978
431200271
245281000
477541300
533170508
375014000
236696000
353931000
255806030
219050000
305639000
636017586
210585000
255805950
304021000
257999000
538007014
214182421
244557000
370307000
366967360
636014331
304010054
247042100
230949000
246435000
636092390
244140719
538007455
255806196
231356000
251102000
311727000
244750397
259456000
246818000
376291000
211450850
211593750
211286500
211208450
257276400
319135800
210293000
319581000
538070840
311000321
432723000
311062000
249430000
256757000
215744000
229208000
241218000
249661000
256742000
249636000
249824000
249936000
249451000
256732000
308090000
249737000
249823000
219150000
312006000
241420000
239806000
636091030
636018399
232012089
232013527
232012087
232012083
257176000
235087119
312363000
422208300
255806016
304815000
373119000
354831000
636091854
304789000
269008000
677032800
636015419
352120000
263821000
538005440
256998000
256992000
244207000
244246000
244013000
245529000
413700170
413702760
413703990
477351200
372287000
477276800
353844000
667001383
372225000
413988000
477190300
374536000
412953000
422222000
218044000
235060752
235374000
255805827
218858000
305268000
374202000
253601000
710020930
253076000
370587000
219002349
367007870
355844000
232004106
370396000
305812000
511011000
563493000
224030000
225339000
366904930
422209500
339674000
375424000
312711000
671187000
264800001
636015986
538004331
353035000
370049000
373711000
236726000
241503000
212302000
432803000
357395000
354579000
224418000
311000014
518100637
248757000
319105500
636017421
255906760
311040700
251337110
251181110
257021700
304707000
247293700
255805682
305441000
304017000
224463000
224491000
209608000
636015035
620085000
258410000
219001543
351929000
311000188
477135400
255805872
319170000
636011655
636014265
258631000
257333600
701006545
636091972
241210000
241073000
352915000
311052700
311024800
422199700
636017082
636017200
564611000
258590000
258991000
258691000
211474890
368926087
477129600
477439500
477854100
636017561
246827000
432669000
371010000
257037970
538005898
538006980
538006981
538005895
370012000
351366000
440368000
353059000
370009000
440335000
440120000
538005897
319064300
351545000
518972000
248822000
423459100
503018980
244130642
477142200
413380060
370354000
211247340
211247350
441757000
525015992
525200835
250000329
431006223
431000361
354657000
431004127
271043544
432530000
431006084
247270800
312483000
258146000
352719000
636012523
353774000
229641000
354648000
538007900
636016302
477141500
235094267
235639000
538070873
316019125
235094268
235094271
577009000
235050073
235074584
235094273
356286000
229643000
477071300
477110400
371103000
636012731
351365000
319216000
248464000
636012730
636015592
312469000
477058400
477159300
417222264
636015336
354321000
239658000
636015337
636016801
636012522
636012864
636019233
353848000
525005318
525003667
525005319
229499000
271000724
431005844
518898000
273338220
422200600
257895000
235087121
215426000
305533000
255805681
211379770
374971000
271002000
403556000
548849000
209406000
431006057
431602206
431004228
431009876
431010248
431004152
565955000
431301698
525100681
408673000
354250000
431005016
316040257
373969000
431001015
525010227
247116300
354172000
241362000
370753000
431602011
553111138
312606000
431000995
431911000
636017757
235061329
431004129
431501855
431007082
209422000
224985000
256359000
636016017
538002852
256105000
636015584
636014489
256625000
256286000
215958000
538003431
636013848
563011200
249421000
431000132
431000991
432294000
229459000
353116000
259097000
230351000
577364000
352467000
440332000
373727000
353825000
370216000
354130000
366938770
354199000
374472000
538004525
370876000
374238000
372409000
538006759
357280000
441563000
353078000
440067000
470283000
357873000
538008115
371670000
353915000
351746000
357843000
440029000
357061000
354121000
355307000
503778000
503688000
503094000
339109100
538007906
512153000
512156000
512457000
512155000
512159000
234563000
234613000
232691000
234597000
235086758
265837000
244527000
244159000
245690000
574235000
574905000
574000310
574801000
574492000
574573000
574999503
574366000
355824000
352792000
636019383
636017820
431301747
311594000
311595000
311000103
311000101
257711000
258720000
257674000
311019100
373996000
565159000
257824000
257368000
257869000
257344000
257528000
538006888
538006025
564185000
258977000
258975000
565234000
563934000
258981000
259709000
259917000
564755000
257560000
563248000
259739000
564488000
257496000
258758000
259924000
257366000
357957000
257864000
257408000
258882000
257712000
258872000
259075000
257713000
258389000
257714000
259274000
258774000
259025000
564734000
257288400
431000824
219000742
257725000
251131000
251047110
305134000
236568000
305101000
304157000
431001562
470211000
565302000
636018526
431005576
205677000
431000355
431000943
356972000
431800050
354160000
432693000
371349000
353931000
356460000
352981000
576327000
431028000
431800405
319001700
367119160
431525000
431001040
431004115
431008417
432957000
431003032
431600255
431800034
431400477
431002286
431006942
431002574
431501083
431800616
304134000
304724000
219000737
319169800
368135000
316001466
244879000
244690316
311000584
244630100
255806130
366955620
257302000
257806000
235645000
253579000
304662000
525300155
538071196
246426000
357138380
228061700
354436000
775098000
538005975
477669500
312771000
667001706
413557000
355899000
412379590
413370860
373270000
477622700
511600000
477243100
312209000
414375000
352764000
356791000
412303740
477114500
352519000
413303210
538005686
371325000
538008396
218426000
355864000
538008353
440166000
352479000
574407000
518100404
375415000
351139000
357379000
312830000
477466200
477904400
354643000
372221000
477353400
636018666
353187000
667001735
477766700
414368000
312584000
414006000
356354000
477595900
353143000
413377920
413453870
312077000
667001453
565623000
309822000
366904890
373649000
367063280
374865000
249895000
351324000
477098900
477938900
308512000
236333000
246458000
248782000
229554000
636019333
215705000
351821000
538006207
232002720
259883000
371791000
431756000
357229000
725000714
258091000
259610000
258044000
257027910
257054580
257283400
251167110
257036840
548911000
257349500
636016487
304811000
565542000
518100104
249727000
564346000
565925000
374346000
565263000
636013998
257645000
636013938
636014108
538005596
538005595
316014760
366758000
354641000
353105000
357568000
311040600
667001990
525016211
366799000
366791000
538071393
366629000
353519000
636014285
636014286
636014119
461000051
636009174
636009381
257948800
422209800
261208000
576299000
563495000
367575520
345090009
369077000
354508000
371960000
370562000
357840000
352165000
431203000
431401974
370304000
431400947
576700000
367334320
319181000
345050031
345090015
367430980
431008726
574000920
316097000
431010605
431003155
431010868
431101172
431101139
538008262
431000932
431006012
431773000
431008226
431007481
431200703
229134000
538003656
367127000
373485000
311000513
538007132
372942000
244022000
431200705
431400422
431001052
354331000
370351000
431004753
538004026
431101165
369998000
316001234
511449000
563499000
235018919
432342000
370419000
231020000
431501711
431005341
431301604
251160110
636092359
238453240
246231000
566787000
419066800
419066900
354671000
246822000
636017987
352430000
636017045
636018193
636018191
636018192
636017929
244402000
245339000
538005155
538005156
574002820
351752000
372515000
574001008
574002760
574002870
374540000
574003380
574003180
667001414
413470160
413376020
414719000
636009961
353715000
352085000
371156000
412509000
412036000
413879000
413656000
413376460
413376470
229387000
725001419
671035100
372387000
413363850
414273000
414400240
370335000
413475990
413440160
413442760
373487000
413054530
414741000
413495930
413492810
477914400
477486500
477914300
412206290
477914200
477390100
354335000
636015828
413475590
414119000
563715000
353540000
413526920
413527150
414261000
477252900
413054720
671901000
356279000
413478330
477021900
414436000
477752200
477904500
414225000
477752100
477548400
477942400
477454300
477938800
416449000
371517000
414402480
372959000
413472790
372842000
352768000
255805876
356888000
356138000
372215000
265874000
316024000
316003680
244030000
250002686
357865000
538008324
257055930
422206900
373541000
355469000
209587000
251439000
245809000
636014330
209278000
371491000
312321000
312464000
414298000
414239000
477559800
370672000
414154000
257285400
249437000
413134000
422204700
372038000
244040000
760106000
636013649
372665000
636018460
213450000
256767000
620286000
563851000
244338000
636016596
219339000
257388000
355584000
319370000
367069240
367506050
319032800
367597530
246765000
503900095
566829000
477347500
725000197
367690450
341245000
249691000
235500000
230677000
257053700
423029100
423029100
249162000
258695000
567069900
403288000
377327000
231201000
416343000
416010000
538007448
357246000
636017792
463042101
229618000
245990000
312139000
244765000
311000013
218298000
257230500
244790048
538004333
230353000
431402037
209462000
309947000
538080020
311000322
370777000
247064100
538004416
352025000
477413800
372340000
538007477
212350000
372341000
440202000
357922000
538007479
538005371
538005627
538004415
538007485
370983000
538007480
538007481
538007482
373021000
353978000
538007484
441659000
374522000
355033000
212348000
248274000
538005474
370097000
372561000
374148000
636016200
566998000
538004065
636016201
566999000
235072407
354843000
636015950
374816000
311019600
636016038
636015876
636015806
538005629
374219000
248268000
374923000
212353000
212351000
371929000
538007487
538007259
357606000
212347000
538004217
538007483
