247179200
255805790
305843000
374118000
701006761
305907000
563235000
563871000
563880000
564280000
564864000
564862000
564670000
304220000
563783000
565169000
247052700
250102700
255805903
219018272
319011300
574002840
353996000
273382550
565227000
373687000
477347800
212314000
477112100
477078900
538006923
311072200
477765300
235113823
565226000
565808000
477078100
636018677
566366000
373830000
357556000
538007670
431000560
538004583
353570000
525300614
636018876
353233000
636018630
356337000
563638000
367309360
564248000
367130000
373523000
357687000
477900700
477749600
373261000
373073000
636018874
371361000
245118000
235059368
538007363
636014743
566775000
563761000
564652000
566947000
431005521
249800000
563616000
355050000
370379000
566676000
566685000
566612000
308078000
431100505
308937000
232006603
574480000
431401846
525015926
477829500
565093000
477759900
636018627
431006614
566107000
351513000
235076847
525200006
477790300
577168000
525005353
563028200
235056178
351173000
538004431
351849000
351620000
371054000
305535000
352633000
431011000
354039000
636018762
477534800
538006836
371467000
538007362
636015856
355311000
353314000
564871000
565240000
351104000
565486000
565738000
259409000
538008570
477773000
563056900
671659000
357697000
538007364
538004887
636016410
636019354
431778000
636014747
636018631
538006922
356172000
636018757
538004604
538008225
311573000
371430000
636015706
210548000
273810400
636091528
210286000
374296000
563337000
308203000
563742000
574004160
477790200
370678000
373587000
367694000
310504000
636018863
636015154
538090418
538007102
636016239
367036000
477661200
366605000
565187000
563125000
477341000
563144000
441312000
636014748
477177300
538007361
636014746
431100871
356357000
374294000
636018907
563005270
636018626
538003470
538008228
355323000
477213900
565709000
477317300
357504000
477900500
355002000
636018678
368949000
210749000
538006773
565561000
565691000
477548600
565815000
319099100
352449000
431281000
477157100
477441900
565900000
477035200
565627000
357611000
249799000
566823000
235069799
304010919
564046000
477178500
538004758
255805875
367309430
477129800
636015704
636016896
255805805
566964000
255805769
345080700
255805801
538004654
566603000
566464000
255805623
210638000
351679000
371818000
370109000
355502000
636018503
367525000
238009000
205673000
205723000
236111886
636018819
671475000
236111881
227184000
236111884
357601000
212801000
351240000
276838000
271000483
538005431
209230000
538007137
538007136
538006907
419001152
248064000
319135900
538002149
538003334
244122000
525003012
636092681
518100059
261198000
601169000
273815200
319030100
613003550
229192000
205393000
251228000
352604000
256331000
215566000
215695000
247223500
351340000
305480000
369225000
248517000
235703000
538007433
355636000
477848500
671132100
229582000
525022408
525004010
419001188
256090000
538006043
215572000
636014809
725000669
701006128
273211110
273210110
370920000
352200000
357403000
538006052
304610000
229637000
518100376
248926000
636011888
240192000
237006800
209756000
212656000
237029000
237009300
241328000
538007308
677019800
215340000
440517000
248637000
564137000
538006054
730151724
735058003
210385000
210014000
212921000
345160027
210274000
212619000
212910000
371356000
441487000
247385800
538005231
212273000
370900000
538007526
355120000
441708000
538007527
372844000
440369000
441872000
441875000
440550000
440375000
352196000
319130500
273358350
245014000
352528000
356748000
538007318
235009010
273340490
636010513
212436000
563026590
352647000
373117000
441190000
373975000
339776000
636016855
636016371
548303100
355693000
538003809
370137000
351203000
538003981
538004128
373116000
441387000
538008111
241133000
237966000
538004139
240201000
229027000
538008112
240869000
215738000
371572000
354968000
351878000
538007272
441486000
311020800
538007271
441178000
440642000
441246000
538007173
538005281
304639000
241442000
249690000
237236400
245169000
248294000
636013183
372004000
636014539
372743000
356190000
235075616
636016854
319051300
636017210
311053400
240166400
241296000
241443000
525021128
209478000
373079000
312042000
636015231
357841000
636016372
338884000
255805789
247289500
538006801
636015468
247003700
538003908
371177000
538004965
255805751
304010672
304010658
567069200
308871000
352955000
319122500
271044071
477333300
224378000
339300320
311000890
352142000
352367000
319646000
247337700
351790000
636011803
636011805
636011816
312177000
525019647
210230000
235076282
235076274
235076272
235076276
235076275
235076283
273354390
244342000
218562000
701090000
636018692
248403000
256643000
210452000
247235400
248695000
422037300
636092168
249713000
636092822
209330000
244160000
565209000
314428000
422035900
538004068
241388000
241647000
210571000
271043873
422040200
422025100
419001305
566085000
636018102
235008550
422085500
249953000
273336730
538007497
319573000
241499000
304228000
620528000
304291000
247385700
228081000
210146000
574000610
263533000
636019302
518839000
533130082
230336000
224593000
236111885
255806165
538005616
218820000
725000949
566098000
249231000
248511000
371118000
725001940
725002370
725002730
725001437
249207000
249246000
366948020
218818000
256790000
567049500
567053100
215734000
725001292
303925000
367191190
357109000
232006506
477257900
367445000
538007317
241331000
249273000
263701940
241602000
207834460
256809000
636016250
209734000
273394340
277291000
232647000
249232000
255805754
636092852
636014708
367104070
367553370
354802000
366998680
273333330
303210000
241646000
355133000
422913000
636018010
249848000
273332710
636018051
244227000
249206000
567391000
367863000
367371830
304052000
304010228
238292940
250002464
212211000
235059765
316033266
316008810
209030000
236283000
211724290
249600000
255805939
204706000
366904940
366903920
244117000
212500000
273438900
372968000
273526700
273353260
273351380
273377820
273348520
273427540
353632000
305055000
256051000
538003940
636016307
255805905
236705000
422033300
355276000
211185000
244790009
367008110
214181715
234203000
533130904
477424400
207138000
636018372
636016197
352123000
372447000
353628000
477738400
371674000
574207000
477742200
309473000
246403000
246399000
246479000
246474000
246779000
246778000
304057000
636018284
518435000
636018233
636018095
245871000
311000279
511844000
367127440
563086700
548958500
366998170
325967000
538003543
525119056
205446000
219945000
229895000
311027600
229276000
273380310
215760000
538004032
656517424
210104000
212438000
209854000
210156000
210963000
210982000
210349000
210093000
210073000
253365000
710000646
263701280
211698000
273365690
273359960
636017725
240771000
305389000
240834000
305978000
319144400
538004334
209782000
377087000
434124200
431339000
353910000
431872000
304122000
371608000
441567000
538005864
441568000
441030000
311000111
357230000
440562000
440484000
357045000
725000722
725019329
477915900
244925000
229565000
636018288
368104780
566222000
241053000
239635000
240335000
238624910
525010166
316003124
316037865
305810000
273356540
636015481
419001457
564037000
354726000
477121800
235057366
367353110
525300941
238115040
538004093
247290900
211255580
356367000
538004475
319029200
305333000
351639000
538005454
309924000
273356510
538005744
229645000
636092850
374921000
235113112
210505000
413369000
413376290
309927000
477202800
564759000
667001649
477356000
246666000
235012290
419001310
338617000
374582000
371932000
235061705
538003601
538005525
525119129
247271200
304010708
366983830
422026800
209082000
533065300
533059400
533180054
533180055
215740000
613003551
244058000
236034000
319330000
256075000
244989000
240564000
538008102
636019253
373140000
564932000
238266000
636017683
345070252
338789000
305882000
329002300
538007651
240188500
374564000
373078000
525019589
566506000
212662000
219014974
204600008
355661000
237072000
256350000
241529000
264900021
305575000
235102716
212068000
357170000
636016315
273358480
273350180
369347000
248550000
247399000
305562000
311957000
373267000
215268000
525015698
229036000
636012196
241016000
311001200
249029000
238160000
273421370
636017689
228308600
273436790
219001262
636092851
265866000
372652000
636013322
210482000
370955000
316002065
305293000
273387270
229843000
511186000
354669000
354574000
511694000
372644000
372108000
235102789
311000114
538004338
518100200
352646000
566569000
311517000
548816200
261000160
224115180
538003532
538002370
538003496
538003137
636009681
636018174
273341040
525107012
273251100
636016850
352002000
234791000
309726000
311000116
309123000
636011488
525107001
574322000
574447000
574451000
574133000
574383000
574401000
574913000
574252000
574003150
574003200
212422000
249912000
636011637
273896200
525107011
273440900
273349530
257390900
220223000
251432110
304201000
419575000
229723000
311702000
248586000
311707000
311000138
255806149
248369000
249050000
311056100
235103397
235103398
636017064
240836000
538007491
305980000
370445000
357526000
233185000
440113000
352356000
235053701
354280000
431661000
538004559
338781000
305574000
235004280
255714000
636092155
215038000
366971350
229889000
244650794
237808200
312024000
231112000
207137000
431501732
533180052
229617000
563353000
525119111
229357000
563077300
352451000
371971000
477274300
370995000
371310000
305648000
372712000
354899000
374973000
355709000
477224600
538006208
565550000
564430000
312072000
574993000
567578000
567529000
574449000
574002540
574004260
574972000
574466000
574474000
574068000
574470000
305066000
228009700
247107300
636092849
636092084
371400000
441086000
351075000
563483000
256147000
636016730
209204000
235627000
228041600
316071000
636092074
244992000
205099000
244121000
247372500
247000300
235077605
210730000
244115000
538005150
224896000
567000980
567001040
567001390
567049700
567001130
567000670
567000423
567000357
567000734
567000522
567002270
567002710
477654600
503725000
371640000
273896300
338806000
314312000
352584000
205107000
205110000
227713010
211324470
304010549
538002773
636018395
212888000
352012000
255806174
314147000
273338500
309587000
538004369
477850100
414264000
413471950
412558000
356503000
636014628
249344000
677057000
249140000
538003608
309992000
304470000
730054000
273443610
236180000
205175000
209102000
710011840
441818000
273315720
246646000
319002500
477257300
538005221
563628000
431010061
457186000
572865210
572172220
351518000
249110000
259393000
440146000
273337950
725001965
211270850
273810710
319974000
538008199
367017440
373640000
755004242
241335000
276822000
259998000
239741000
431123000
256562000
271000159
255805883
533016400
367391830
369970145
353987000
563637000
355015000
563270000
636014253
636014862
311031700
240308000
511438000
273413510
273452130
273332110
273434590
316266000
354879000
374566000
319075000
319618000
246573000
273393460
211909000
261196000
305779000
755002000
538006008
636017256
209243000
538005164
224399000
503250800
667001628
311021200
308726000
237871300
237038200
314189000
538004270
667001645
247193300
511011031
354036000
576981000
248974000
241600000
224004000
312191000
224754000
224531000
224318000
538071076
432734000
370852000
265098000
370531000
373123000
309891000
309823000
563037200
238075940
636016416
314417000
538008326
371185000
272499000
273122000
356602000
273449760
273394950
319091100
245897000
312828000
356718000
622121561
622121511
622128041
622122450
354820000
370714000
353200000
371061000
356192000
356188000
272786000
273373370
636018355
518896000
367371790
311831000
311046100
273828600
377267000
225409000
636018741
230664000
636015181
366918650
255806121
367349770
370833000
228071800
367720010
636015014
273435200
273448220
273452190
248769000
273399150
273454670
371945000
248067000
215321000
229613000
229611000
311000327
229615000
248770000
229612000
211792000
266440000
538007794
303031000
331143000
248557000
248556000
538007916
636018346
538004214
563051500
311052900
273447250
273449710
311012400
369272000
209108000
210582000
563050500
257908000
367067110
273410850
266450000
228092600
258499000
231326000
518758000
230661000
273443750
230961000
273448320
477300300
538003214
441634000
341534000
245142000
249725000
370141000
351325000
351678000
416251700
356874000
228016600
563710000
312211000
370836000
230651000
311000112
620331000
209023000
257557000
563066900
331208000
331209000
271044519
258768000
636018523
273454860
258962000
316006460
331119000
209070000
369540000
259532000
273398330
311153000
636018306
273456380
319363000
211202460
235103453
319956000
257564000
273433560
538004215
273395260
311018000
572226220
355965000
235000500
257307000
538007797
636012578
620409000
235062576
273897710
305979000
368989000
367090490
636092405
305693000
370344000
244790810
636017245
636091486
309272000
261536000
265552070
273330280
240681000
236150000
205396000
215041000
538004898
218826000
636091690
258274000
224013220
224013090
238294000
636017112
303845000
273398570
311358000
256138000
205038000
218831000
227186000
538008151
204600009
255806012
228183600
227612820
538008515
663136000
247495000
244129000
419705000
636015428
311744000
272544000
273249600
239292900
351126000
671623000
230282000
227004520
567062900
312515000
636019016
353261000
212131000
477046800
477832100
477351600
477829600
477013700
477628900
477346100
215083000
215761000
477628800
351797000
538003518
601705000
477742600
538007788
440162000
511011033
341516000
477746600
341830000
341543000
525016714
525005177
370018000
636016717
273330160
636091916
247115100
247338200
374591000
237233600
563735000
232527000
563075400
272001700
248524000
477280900
477071800
374311000
622123242
538090298
538008246
538090299
373332000
538090300
273359710
538090301
636017572
431007549
533130781
667001864
209412000
636018290
341903000
432624000
636019029
218834000
564131000
563012300
565237000
566695000
374851000
352147000
357385000
345070081
563026900
565109000
566895000
311000282
563291000
239719900
237008100
225444000
273451920
371016000
354363000
352824000
355615000
533130729
533130731
538004706
272787000
238114140
253349000
440473000
440349000
431009991
304010766
211815660
219997000
249632000
228207600
247291300
219173000
477027600
372921000
209292000
351042000
319163500
412350000
565624000
567001410
567002330
563027200
563033200
419652000
563157000
563080400
563080500
419099500
563018710
419000202
563666000
538008454
218361000
710008030
247531000
564334000
319100000
538008107
636015354
636018878
339536000
533130971
319035500
374632000
356845000
273817100
636017887
319300000
273825200
305966000
503000101
574004280
235074613
636011792
419554000
238115640
366922280
351396000
303340000
303352000
369751000
369339000
338679000
367578740
538001941
374839000
548950000
367057570
538007520
257153500
355745000
538007608
441600000
370516000
356087000
372901000
249617000
373656000
538004920
538004922
538004923
239297000
271046430
305576000
312004000
533130622
366341000
236166000
256910000
366994450
244387000
209529000
209505000
311062900
209512000
244980000
311063300
574003760
240625000
525012357
229450000
230630000
230005000
230015000
230649000
230673000
525119038
636091619
352531000
230011000
477686300
511302000
352506000
372076000
657101600
311000516
354290000
352172000
271042730
247174300
636014355
636015949
374907000
220253000
209274000
620272000
538071307
374421000
667001699
667001697
477095200
354073000
657190500
657153200
657918000
657190400
312341000
356157000
235234000
620428000
636018457
351613000
238162140
372427000
352308000
263588000
440095000
657112000
667001773
667001777
247385600
538008414
355338000
356462000
352284000
538008450
238043240
373208000
370849000
667001240
538007472
671700000
563727000
356534000
667001522
538008208
511422000
525020393
272761000
247343400
356446000
538007558
477790400
667001769
511421000
677023300
220489000
636018152
316003289
356039000
248456000
431602284
238648410
370251000
538004561
212640000
258219000
244044000
373142000
219000431
219019887
245011000
246808000
219000429
211665460
311000461
245223000
477007700
273431420
316021592
238223000
419001364
370309000
244620087
355076000
431557000
244820146
538007805
273457870
273374920
356721000
423002100
423054100
273355040
273358000
273457210
273456410
273458500
273457600
273416400
311000254
273432910
636016176
431239000
209729000
246303000
563494000
518100675
353514000
352157000
353534000
440325000
525015623
273441540
273356610
273442420
701000881
273383550
273355920
565835000
356181000
245959000
319144900
477617900
477814100
477814700
533000095
240547000
256879000
431501275
352077000
240565000
351966000
636018751
636015276
212900000
244789000
577087000
577096000
636015121
273362110
565923000
564990000
353429000
477299000
477179000
477337000
248844000
477351900
477584800
667001525
376353000
636018750
240531000
636014720
374268000
357621000
366887970
276816000
311773000
240567000
352209000
309881000
636011499
273394360
273431970
249472000
273378180
240042300
351486000
246611000
374295000
228337700
227027000
273390540
565546000
240966000
309265000
538005632
770576329
257757000
357180000
372348000
374946000
245501000
241485000
538007955
244574000
239722800
248107000
563060200
567537000
567538000
374468000
356535000
538008328
636016229
538004949
374083000
529927000
566113000
566868000
566871000
566870000
367400420
249980000
477593700
477043600
477214900
477252200
477854700
477620300
477241100
249974000
477768200
503612000
636016395
574002080
533130539
574001450
574967000
574012624
574066056
574000560
574281000
574003930
212946000
311055500
538005235
725001925
312615000
224488000
701000648
701829000
563736000
725000591
354360000
538004339
518943000
249801000
477936400
306105000
548971000
351867000
525015347
356613000
525002029
525015750
245097000
357383000
319114200
311053500
238311000
725017900
247077700
345010063
247077500
701006413
247138000
224564000
701098000
538002603
247118900
636016466
701095000
247114600
224522000
345070222
351047000
319751000
312664000
563033700
563040400
273215800
248495000
273314480
431003365
477150600
533130716
209251000
414335000
533735000
533808000
533009000
533730000
533920000
533035000
533747000
533130000
533754000
319991000
232003328
232003329
232003331
232017303
235475000
235051735
232017420
235051726
235453000
235431000
319032300
234979000
232003319
232814000
232003298
636018680
525010084
413324000
566079000
538002700
574943000
574939000
574003240
574428000
574284000
574427000
574003890
574002910
574004130
574003580
574886000
574003770
273377130
273426000
273352570
351653000
503576000
311061300
563019900
538003855
229687000
249852000
354591000
249644000
563021600
