316004370
503023000
247160600
215176000
373673000
230361000
214182667
214182732
477150700
470591000
231751000
257317000
258778000
636092323
423039100
636018682
525021305
671093100
354496000
352527000
316015060
566300000
219019067
370434000
671127100
377146000
636019065
304752000
256177000
319744000
319092800
273417810
229821000
235054097
273397960
311053200
264900047
264900045
351300000
210652000
319055900
210652000
636015819
207228000
371544000
311408000
372915000
440824000
564644000
538006697
225356000
306783000
273412980
255805895
224482000
518100596
244010955
239299000
235102466
210095000
240311000
229284000
214180702
370863000
419001463
367152910
371605000
304375000
564646000
563071400
566945000
367337960
353100000
234552000
311072000
205338490
525008070
228267600
624019000
538071183
258249000
257484500
257226500
258178000
457423000
577012000
563328000
431003294
538007398
256387000
525107007
538004664
232019741
419001227
248374000
412301720
353654000
422043200
423457100
258210000
657164900
538003902
215099000
518100770
636016926
636017923
636016480
477685800
477413400
312669000
312579000
423025100
224595000
538080094
257203000
256457000
636015370
538005411
277546000
367102000
311000556
257455000
373728000
235362000
311000221
271045646
273358450
273312860
371987000
538005163
309905000
366767140
366757230
576215000
345010047
636015415
209137000
370355000
447161000
447087000
374043000
525015961
525018326
525003344
374041000
525008076
525200095
371368000
477686900
538006590
636011617
215954000
538006589
636015106
417222395
636091971
636092048
636091782
636091554
636091265
636017711
218859000
636091878
636092004
636016112
636091189
636092426
636018002
636092427
636090235
218533000
636092865
636092038
636091772
636015409
636090811
538004119
357893000
417222429
357774000
538003218
636016472
533130782
440929000
574003810
636015104
477767400
355086000
636015108
538005206
441858000
357510000
538003870
371660000
311601000
525300135
636011454
538003910
308652000
441859000
351727000
636015107
374025000
538005912
636018617
525007016
372752000
636019118
525007037
477654800
373859000
310670000
310755000
310774000
310779000
310744000
310732000
310699000
310652000
310696000
310583000
310669000
310644000
310594000
310664000
310657000
538004120
525019602
525100434
538007565
636015105
636018534
352751000
525012038
440037000
257252000
353230000
636019024
357798000
367645040
355775000
525004106
533050900
373129000
636014675
636016470
538007171
373418000
538003359
441940000
538003911
372382000
538006757
354546000
374345000
525119073
417222406
373215000
371158000
477713700
355686000
373225000
373433000
525008072
373435000
373729000
371639000
371686000
210050000
248479000
770576067
248928000
440700000
352951000
642122040
352019000
353401000
538004420
212878000
319250000
553111742
352525000
372668000
538007915
248841000
351259000
538008078
538008077
351143000
273335320
273430430
273358610
273334570
273355640
273371330
273334320
273357610
273353580
273312850
372990000
353130000
372961000
356062000
356522000
354262000
356141000
355213000
345030086
247294300
311002500
247041900
440194910
428046000
564270000
247183400
308399000
374857000
373341000
671429000
345160013
311055200
256688000
215924000
372203000
255805774
354521000
352925000
525008066
205092000
244462000
246803000
255806055
219657000
431008867
257262400
259023000
257301000
236325000
538006748
538007470
564165000
273434310
636017706
273361100
273357650
273358650
273339630
620586000
538006858
373241000
271002272
376802000
311000160
636016824
636017813
372213000
636016275
248768000
247302100
563574000
354264000
355107000
375412000
269095000
431009113
244519000
370496000
538002316
538002544
477926300
538002570
636014797
636014572
538002572
538002668
477985300
477985400
477985600
538003750
538003558
477046700
538003405
538002980
538002743
538008129
538002760
477936600
538002820
636014798
538003664
538002832
636014783
538002841
538002113
538002973
538003015
538002938
538008119
538003016
636014799
374223000
538002828
477926600
538002313
477968800
538002808
636016497
538002092
431877000
319128000
538006446
538006312
538006313
538006314
468402000
423097100
423035100
548464100
273430870
273198200
548067500
548274100
367604000
229809000
273350810
235008110
538071302
636015907
525003557
338131000
367586890
367586910
250002424
367586920
338708000
356144000
338703000
538004774
564267000
671747000
368508000
311000102
538006628
636014428
371796000
372339000
372370000
371052000
353086000
373928000
351550000
273362180
273396990
273355860
273310720
229031000
636092656
477694200
636013143
431812000
432438000
431005799
374888000
311000319
311003300
636016161
247204000
636015557
566402000
566851000
566980000
258826000
257032570
257035150
355707000
257080000
372423000
341632000
273453700
246836000
257068230
419098600
235010720
273454700
253223000
253596000
253641000
244275000
311963000
538005923
357989000
636013814
538004413
316058000
538008335
316005786
255735000
371799000
319436000
237021700
538007543
319436000
432629000
352203000
372796000
538004498
370164000
256119000
235061952
239532100
636013383
636016831
239512000
241069000
636018244
256452000
538004242
212770000
273338250
636092136
220416000
255805672
219417000
636015563
273380850
312413000
566347000
257106000
258830000
353423000
241423000
246330000
577034000
645309000
304625000
304816000
275343000
257206000
220598000
211214200
616999427
259692000
235807000
220415000
257254500
255805620
677133100
244643000
477214400
273339410
304010763
518100640
376121000
304226000
352750000
220593000
273340330
272976000
207007000
207008000
273339870
218823000
255805809
351210000
304474000
273429690
440304000
312795000
755004138
755999991
235011330
370416000
553111726
525119098
477286400
636010183
403525000
403508000
374641000
352636000
538007196
255805871
305407000
538007641
538007195
305488000
538005930
305518000
419000306
273355910
352245000
305519000
305547000
247063100
305549000
477990800
305591000
538007453
477848100
636014069
538007643
305592000
255805852
305607000
503042780
305608000
477046100
538007228
538007194
538007408
538007105
305617000
538007441
538007407
636017984
249287000
368769000
247059400
574000350
253179000
636014501
215637000
205687000
370640000
441181000
235102468
538007199
624014000
408921000
236111477
311029800
225005960
339396000
247284200
345140500
235011030
311047200
204701390
259680000
277354000
538003541
263701390
538004196
247294600
305325000
477319100
357460000
354283000
355700000
353108000
352043000
371451000
355275000
370854000
354269000
356466000
432470000
564580000
538005077
372792000
372402000
353992000
352530000
353491000
245932000
209256000
357422000
325105200
247267900
247162900
548845000
212585000
209415000
431601468
548901000
372908000
538004056
255806106
229523000
247223600
311054200
247287800
247272500
229545000
636010697
247049500
247458000
603712800
250005222
564547000
226245000
255806151
255805765
229735000
244002000
219067000
229760000
247104400
247313000
247055800
247304100
247265200
247054900
247388600
247286800
247138800
247205000
247222800
538090531
257278400
220414000
566972000
247331300
311036200
378326000
577017000
636013351
671744000
538003004
311024400
403083000
373634000
538004994
636017196
241253000
273353290
273339480
273322210
273327420
219244000
269059000
218024000
319052400
538003747
304786000
228231700
353411000
636014318
636014712
636015000
636014998
636014450
636014999
477066200
235101762
367087140
232010350
275107000
273370920
511100146
357480000
319173000
319040000
311000689
311000688
538006708
374273000
370386000
370413000
355865000
371888000
354440000
636016448
371438000
353205000
356375000
351150000
373900000
373412000
356619000
226308000
356308000
371323000
371087000
356896000
355871000
355815000
352133000
371237000
355685000
373889000
636017696
373247000
374494000
351673000
371962000
357907000
356285000
352301000
373102000
311475000
249309000
564418000
577088000
373224000
354383000
354929000
370295000
353639000
440505000
373210000
345070500
372179000
725002460
725000667
355662000
375861000
354396000
355048000
311000144
352491000
357641000
370489000
373788000
351225000
356566000
357598000
477066400
370739000
357899000
577175000
371590000
311049100
477466400
351984000
371093000
525020349
351925000
352507000
354979000
352369000
577139000
371507000
538006462
574265000
373045000
538003821
538003822
357400000
538006602
538006603
256911000
636015112
377455000
355989000
354498000
370048000
371278000
371333000
373857000
370667000
370043000
373113000
353186000
351228000
372266000
374689000
372867000
354008000
352697000
356301000
352110000
512441000
257017920
257264400
273353340
538007833
354854000
232581000
538008083
477220900
373101000
319409000
352946000
353243000
353618000
373048000
355820000
373114000
373617000
538004995
373052000
309108000
352089000
563042300
370732000
372828000
370368000
373674000
370962000
563057100
352288000
373169000
357277000
357080000
667006080
667001361
667001594
538006629
667498000
477969100
345070360
538005544
511048000
371976000
257223000
563632000
538005144
312784000
477950500
538005906
477815600
563299000
477181400
477333400
477810500
351372000
538005907
373369000
370937000
574927000
477047100
311000858
636014681
257237000
564911000
257241000
311000482
477181900
477884600
352150000
574251000
511543000
373791000
357123000
477347200
566316000
518865000
366937490
373671000
538005891
538006167
311054300
538005237
373599000
373260000
538005127
440292000
311054400
440269000
538005018
477999100
538004127
538006227
538005238
538003831
538005045
538005981
538006102
440414000
566872000
566844000
566749000
566984000
311064700
311064800
311064600
440163000
440062000
538007438
311000458
538006791
538007439
538005856
538007414
538005230
538005960
538006886
311000459
538006717
538005600
538006693
538007440
538005503
538005345
538005309
538005672
229600000
259638000
248540000
248122000
273377030
256630000
636091644
636092067
636091933
636091932
370582000
370581000
370951000
373568000
373817000
477813200
477271700
477712200
710015860
538006710
441957000
247392600
247163100
247237700
247163900
245665000
246214000
245748000
245252000
246511000
244470000
244637000
246250000
312036000
257396400
256623000
345050065
231788000
311000817
259257000
657916000
477657100
538005197
211114470
422657000
271001031
271000903
422050300
538002656
538004983
538004985
538004974
538003805
538004975
538005373
538003804
538004976
538004977
538005374
538002609
636011170
538007148
538004981
538006747
538003487
422026900
538007166
351469000
477548800
525013044
441907000
338132000
372571000
538007556
565707000
574517000
538005832
538005831
538007733
538004434
374717000
356772000
636015985
477684700
671029100
304483000
574003450
367978000
477655100
440251000
357207000
538007514
209410000
565458000
477700600
477289900
740344000
356360000
538007731
374909000
538003760
563079900
353689000
538004669
538005339
356905000
525100148
538008050
353386000
319739000
538003794
477711500
477962300
477962200
477866700
477764100
312726000
210764000
538003248
563005250
538003499
477347700
477849900
477639600
366778450
636016098
538004500
538004670
538006389
577278000
371051000
374188000
441428000
354547000
432910000
538005829
538008051
538007734
538004288
373492000
538004365
441967000
566474000
354866000
538005713
538090452
477699500
538004290
538006408
440290000
636015047
305727000
372184000
477767800
356469000
538006355
538004251
538007693
355035000
538005558
312408000
310724000
538007400
538008052
351885000
538008053
538007819
566218000
235113472
372410000
636015587
538007762
525113014
477637200
538004570
230035100
620084000
477300800
538008054
477713400
574521000
620323000
374156000
538005439
538003563
353007000
574330000
370591000
367342960
538008055
538005246
477108700
351798000
477948400
357039000
636018920
352565000
374945000
356275000
441598000
370122000
477925100
477986300
538003894
352428000
574004180
215193000
477473000
567060800
636016080
636017060
538003404
538004355
345030070
258849000
214181525
345050068
367165060
503003000
308369000
368076650
257018000
368099290
238939940
422032800
422037100
257267400
305996000
368059550
367550000
271042480
538007206
232752000
667001479
636015287
538007640
636016734
636018083
620513000
671182100
636015288
636016606
477150800
367783120
538005714
538005084
367564890
303913000
367526070
538003649
247164900
229859000
249476000
257105000
366584000
566635000
265522230
209118000
277560000
636092279
265871000
636092263
245190000
311045400
311046700
265508760
266202000
311037700
311046600
477581100
228082800
605066012
477958100
431263000
367345940
259776000
271002732
356117000
356714000
355117000
356361000
730128000
730151010
538007705
538007446
354149000
566786000
511100156
305618000
259379000
319061600
417222439
319006800
355271000
450602000
308136000
308386000
351968000
636015884
311191000
432935000
538007750
378374000
309253000
351588000
525100168
249173000
372281000
636011360
477139700
525300484
356024000
440845000
567532000
352972000
564396000
374643000
367728850
636015657
353924000
533180216
209004000
210214000
210302000
235093065
235095815
518558000
710246000
636091645
235082384
235059646
235082759
235009670
235077918
235010430
235010030
235010520
235079382
235058486
235011640
235091304
235526000
235094286
235108934
235110657
235092233
235090064
235106958
235108128
235076692
235640000
235113405
234487000
232886000
235477000
235100795
235097474
235072616
235052783
237026200
237038900
374769000
247661000
247290000
255805896
477141600
215394000
273390210
538007634
441888000
354252000
441101000
370549000
440817000
372172000
372419000
352618000
441317000
441318000
477759400
477759300
212883000
477077400
477264300
351828000
659254000
247039400
312420000
257031820
257010590
368916000
311000328
477999900
372613000
357247000
255806153
373585000
371648000
355222000
477802200
372283000
355708000
371384000
247341700
236542000
357347000
247098900
247233800
247116600
236541000
236544000
247375700
247275400
236543000
247100300
247289800
369023000
247217500
247302700
247341500
247341900
247186300
247019600
247206000
373455000
247078800
247304600
247264700
247293300
247376400
477302100
247039300
247341100
209407000
247342300
369024000
247281100
247305000
247080200
247376300
247082500
247065500
431156000
247086800
247091500
247018700
247285500
247186500
247310400
432926000
247056200
247341300
247304200
311315000
511328000
372857000
256958000
371671000
370601000
316013040
477435100
355029000
355649000
209856000
353861000
371964000
371798000
357336000
352879000
371147000
354662000
352935000
310327000
357802000
357983000
367568460
405000087
372399000
319092000
372516000
355230000
477142300
356909000
371486000
351034000
370011000
533180090
372295000
377039001
273440690
211225910
273353740
775634000
368001000
250191000
227289650
371795000
565253000
338842000
232003707
232007139
636019091
311000104
253009000
247240100
247311200
566207000
477168200
477560400
477550100
376261000
477682100
356102000
477121900
477621100
357792000
477510700
432915000
370613000
357942000
374292000
477424200
477726800
538002221
477617100
312956000
477172900
477948900
477742900
477961100
477739700
477726100
240645000
574820000
677076300
477627100
477091300
477158100
371452000
574379000
477203800
372178000
477684400
372498000
477617400
477157500
477711900
477301500
368183000
477738100
477051400
477167100
636018735
405000131
574002100
419001415
419714000
419702000
419724000
419692000
601306500
563381000
419000621
477127700
432801000
477627400
477387100
574001090
477307800
574490000
477950200
354273000
477779800
309759000
538003905
212582000
636017065
249292000
353799000
311043800
563833000
338009000
311009500
309681000
224805000
441949000
311051000
636016998
311011400
309689000
338657000
311009700
312601000
311040500
538004739
373431000
309361000
236294000
538090537
372278000
308868000
566973000
311289000
374588000
372242000
309281000
311009400
309165000
369527000
244140468
367361020
247222300
311461000
311042400
431501838
311004000
538090454
308228000
224327160
574003640
525119074
353532000
636016290
525119109
636091389
431018000
369326000
351773000
636016291
308541000
636016292
525023310
477107100
636016916
273319440
636015150
232012730
371961000
538007449
636015164
209996000
356010000
538003416
244900091
211214490
370492000
311571000
305155000
377793000
249711000
219000558
220397000
212008000
255805621
211343480
565876000
319826000
613003578
304081008
319108200
565188000
316286000
304050000
237326500
273275100
273386650
353505000
371013000
218356000
259465000
309518000
258812000
529520000
725001543
725000938
259605000
525012211
525009064
525114029
247240500
538004966
265737860
566268000
244700131
211297990
525016647
211205920
538007505
308077000
636017401
370997000
273318940
277526000
311794000
565386000
563036000
564284000
366983270
636014603
636092834
311060200
311060100
477240300
636091114
574003160
565543000
308621000
257220000
264900192
249298000
236290000
374143000
236309000
370202000
341567000
356720000
636018683
355147000
352255000
574002060
374837000
352285000
354686000
210959000
369466000
370241000
566916000
725024000
224365000
414308000
636092911
671716000
413451460
477547700
412362000
209306000
312282000
413202000
412052510
373488000
371697000
414268000
366887300
677011800
225391000
224568000
224179000
224184000
538003189
246911000
375069000
311003400
617081000
257010000
576046000
247073600
477726500
218851000
735058261
735059089
373780000
423008100
576567000
564168000
230992580
220379000
251329000
242089000
477728800
247049800
525019416
414732000
366759530
271042493
246709000
273554600
257268700
304320000
355578000
373993000
351309000
271044120
636015130
311009200
304010986
538007545
311017500
671582000
309977000
311019300
311019400
311019500
403504000
309833000
271002049
538001388
308231000
304010998
636019262
403079000
372681000
311981000
403584000
403505000
311012800
353947000
356547000
525022407
309217000
636018556
636092807
309734000
309832000
311015200
311943000
636013825
341959000
311017100
303668000
576937000
657127700
671160100
341797000
470847000
369514000
538008413
304302000
538005551
271000825
258326000
265573140
518631000
253213000
271044383
251049110
229281000
271045741
271042561
271000195
374071000
220594000
352672000
374281000
374130000
271002035
271046350
229152000
249672000
210855000
244723000
220595000
257593600
219262000
219263000
258342000
220413000
413730000
414157000
413819000
413396000
413856000
414014000
413303020
413303160
413303190
414282000
414321000
413625000
413626000
413729000
667001811
671307000
636014630
477147800
356116000
355428000
312543000
312992000
312058000
414199000
414785000
414009000
414079000
312181000
312535000
413094000
414072000
414086000
414099000
412733000
412735000
414034000
412310000
423341100
255805981
248475000
503746000
710247000
710248000
220596000
211214270
701006380
265365000
220597000
253443000
366952790
271000086
538007204
235004390
244712000
431005927
677021500
577275000
