374531000
601048000
601986000
601524000
377652000
273380430
525020420
316040217
636016594
244750303
511137000
353977000
271000961
419000895
273320100
538004033
422170000
577159000
636016808
355470000
422108000
636013067
477144500
263702340
538006506
431008969
316035608
235102467
431006091
357679000
251005110
259374000
231850000
441721000
441931000
441528000
354154000
440353000
374554000
357851000
374028000
374204000
636017976
440291000
636018014
538008212
403522000
338423000
341500000
565905000
565083000
565090000
636018094
538005918
374133000
235032612
311000578
565911000
271000419
271000747
245184000
671327000
671100100
257302500
231190000
477211100
477552400
566415000
477174900
477083800
477083700
369390000
477849400
477849300
477552900
338775000
477552700
369248000
477552200
477552800
477552100
477552300
403544000
248964000
730063000
659082000
477076500
477686700
477554000
477818000
477105200
477282600
477607600
477914600
477486300
477319400
477001300
477224800
477444500
477657600
477050700
477914700
477379000
477396000
477883200
431004956
370558000
667830000
477878000
368160000
477283000
477897700
477058200
256878000
477102200
419383000
419001287
563895000
566877000
419320000
370953000
419683000
564372000
419323000
566014000
566476000
256208000
246061000
477198000
477857000
258279000
477323000
477587000
477018000
477973000
477322000
477287000
636018088
636018196
636018055
636091602
316004950
538003988
305204000
636011247
538005936
354410000
357431000
408323000
319255000
352978000
538004900
538007233
403547000
271000050
477312400
620496000
574642000
356335000
304913000
251362110
276817000
463000000
246293000
319972000
538005189
538004456
636017015
215202000
636092908
538004639
308728000
311030700
311516000
309461000
311000806
311066000
311047300
355705000
419001081
212180000
436000046
436000146
211108000
354898000
207124000
271043415
436000115
273186400
273187000
273185600
210750000
372530000
567348000
273829410
431008777
431200133
345060069
354048000
351170000
357573000
374101000
374450000
374606000
354909000
372840000
373254000
356793000
374179000
353865000
372545000
371128000
355860000
431504000
431008189
636018396
351357000
477434900
354957000
432707000
373281000
431000651
354561000
354708000
636015526
577306000
357137000
273412090
538002778
367447520
538005840
371561000
622123243
636014128
356701000
636013235
209388000
311005100
209167000
672247000
533131024
620360000
316043000
273315510
256913000
247343000
355199000
224124000
271002465
422199900
247324900
367007920
316030626
316030627
316030628
371058000
235809000
219338000
370779000
338790000
370998000
219324000
276329000
235034693
566086000
273342000
259387000
210761000
273359900
538071313
376513000
377223000
366766530
316033903
376854000
376635000
564533000
730053000
565336000
319904000
431100403
565337000
565338000
636013076
533130944
563600000
369901000
214182723
319420000
357867000
636013792
273342900
671784000
237030900
256804000
538071199
257072700
305649000
354431000
636016922
636016921
636016919
405000198
245015000
422083500
422083700
636016920
538007305
538007338
538007238
538008161
538007237
538007464
366938760
636017054
373842000
248147000
255805759
273443260
311040100
241334000
636017052
636015901
636017482
230990040
246396000
353376000
419213000
636017098
440057710
440187450
440189720
440077630
642122021
244810415
257962000
305484000
314238000
314292000
308095000
209380000
304502000
255805840
311367000
309146000
244860282
311411000
209361000
244820418
305412000
220619000
725004360
367182630
355127000
229220000
271000160
419384000
228160900
367084930
367000140
366992890
319099400
248363000
636015277
636016650
548299100
636016651
636091479
636091490
422171000
636016649
701000755
730151726
730154277
538007200
636091532
725001534
273438670
273433590
273358760
273359760
273350860
229483000
229461000
256831000
269032000
256849000
256837000
271046708
247391300
563051100
247077800
563049900
311777000
236317000
236725000
236310000
236384000
236538000
236483000
236111851
236111902
341021000
538007573
244054000
232215000
231059000
232003580
265547830
232626000
219002493
357547000
370921000
258126000
304783000
210054000
538004341
563103000
226333000
247290800
671183100
231004000
538005358
538006983
257007520
477229900
226340000
408564000
374505000
256054000
538005732
247391400
538005733
235076731
538005734
247270900
247255500
538005735
355400000
636092776
249063000
525008026
431501792
538008211
247036900
210663000
247278900
312983000
345040013
248984000
477131500
312331000
345040028
725003670
701080000
366917530
636015431
431012773
431001125
273443330
273334710
273436530
431004181
212724000
548581300
247153900
247291100
247062300
636018714
538006928
538007589
419001420
419001360
538007248
419001293
419001441
419000204
247225600
701051000
219007414
247246500
249970000
247290100
431002504
312312000
269305000
256796000
304509000
247280900
431009366
636016646
377255000
538004027
636014262
636017555
354374000
431000879
431101145
565960000
247387300
312339000
441743000
201100141
275347000
273211800
372067000
636016769
372230000
219068000
538006124
566801000
229979000
636018271
219072000
311091000
219075000
263531000
219080000
355821000
635961355
636011265
248230000
354227000
224023640
538006774
373500000
373864000
210075000
201100138
431602305
219069000
219077000
351526000
352680000
218650000
218643000
229993000
636091017
371065000
256445000
440701810
263528000
345040022
564118000
256128000
636091004
725000219
255806006
248545000
636016381
247185800
355142000
256437000
263589000
356785000
636016999
247244700
351811000
219085000
219086000
354632000
431256000
219088000
219071000
373534000
636017896
636091116
636091328
355684000
370024000
373059000
247034700
735057549
210059000
253115000
477143900
308744000
256384000
312690000
314422000
236518000
314422000
374031000
240348000
538008540
230061850
218854000
710004180
710002880
710002921
538003892
332001000
511959000
563052800
353937000
431602345
431007204
431000304
431000568
357536000
255805991
311065600
204600002
311065200
710074008
237352400
605086010
209473000
256806000
205760000
215021000
247698000
319023400
273449370
273355290
367002660
373199000
235103357
353826000
636017817
538008336
370454000
533835000
533020100
373335000
355422000
710026070
372149000
533002170
373968000
374393000
356835000
574290000
341665000
228047900
533130946
755890643
403275610
538090399
247221100
247362300
247051600
214182695
319460000
319775000
371241000
367666850
367454460
218836000
601739000
316012308
511007000
352548000
247006000
422160400
246010000
244351000
419001332
247173400
249593000
419001189
238771340
238880340
247079000
247392000
246798000
331037000
432857000
224483000
563526000
567109000
422089000
224485000
273325230
224493000
224713000
236401000
236399000
563020100
273354740
636014887
311015600
636014899
356477000
672707000
311261000
257078810
525012201
372633000
422031800
405000183
273390170
273383520
273373920
538007182
538005622
271044177
211189000
538007555
229978000
224290750
225363000
319130200
538008218
525002091
431007429
432321000
564246000
232017591
273356920
219000245
538003215
518791000
345070262
538006461
341405000
256269000
253592000
577394000
538071192
308268000
710000390
710003090
710001000
538004301
620561000
525024119
566645000
563907000
422026600
565446000
441884000
441885000
461000093
538006828
525016541
636012771
255805556
236125000
431400476
229086000
357591000
431001931
470679000
325384000
247373400
538071187
636017381
538005941
636017585
538007755
538005937
538006267
538005942
538006126
538006268
538006305
538006143
538006145
538007758
636017461
636017382
538006358
636017614
636017386
538006001
538007757
538006002
636017478
636017475
538006013
636017465
538006012
636017388
636017455
636017535
538007756
538007780
636017385
636017367
538006146
538005997
538006266
538006003
636017613
538006140
538007759
538006014
538006004
636017454
636017395
311073300
636018034
636017846
636018316
538003339
374491000
211245890
211365280
229288000
636012769
244070111
525119127
256755000
229713000
248730000
248532000
249500000
257371000
219675000
265724000
219011922
314318000
375354000
257228000
265411000
265412000
265413000
538007725
247182300
241373000
311076700
311046800
351684000
371071000
356773000
370037000
215044000
374267000
355872000
367432220
341611000
311059100
477189100
249501000
477136500
477684300
525021322
477779200
477950900
256149000
477390600
477439800
244476000
567431000
567065100
567064900
525119021
525009331
525119029
525119014
636014957
636011490
636018177
636017655
636014311
636012813
636011491
636017648
273314650
636017653
636011492
636016376
636016378
636017265
636015361
636015359
636018179
636015049
636015362
636015050
636014308
636015052
636015051
636015360
273318120
636014309
636011493
636016138
636014382
636014310
636012909
636012910
636011494
636017647
636018350
244583000
245811000
246742000
244309000
245084000
246274000
211236290
211219990
244870000
255806223
245060000
244730000
355444000
205708000
244146000
211591710
236111603
229361000
247373200
245578000
211551940
211190000
246655000
477847700
244795000
255805661
244652000
351424000
567587000
563068300
308124000
419739000
374959000
247052200
232001270
419738000
636018204
636014043
419000115
572300210
477185400
538002955
304188000
219023117
525020430
231257000
538008243
319129600
533014300
235109157
214182665
232765000
266470000
367302540
249084000
249085000
249086000
209456000
249083000
249081000
234973000
232018154
232974000
232005533
249080000
235002520
249068000
232008661
235060914
249072000
247265800
235106484
311027400
368055646
368009000
235437000
214182702
319154100
362010000
304664000
538070946
567482000
477682300
477100700
477346700
477514800
567568000
567528000
477108300
477131900
477797300
710005970
441183000
477136400
477150200
525020390
210718000
477963900
232002648
311000617
229398000
232002651
232002650
657131200
232001480
371613000
353645000
232002927
232312017
232002939
311000860
577424000
273380330
247292200
256759000
440621000
273384330
247153300
247286900
256758000
247182200
235118697
538007501
235068802
232002653
353716000
371822000
657826000
248497000
241466000
477626369
357121000
538005945
355900000
356911000
636016532
244615934
218551000
477170700
374007000
257224000
258783000
311000837
259889000
256313000
518917000
538006682
538004438
671389000
355140000
371760000
232873000
210815000
636015840
636091731
636016975
212287000
636091654
636013398
210998000
229911000
215781000
667001358
525119057
215714000
311000464
309416000
311000585
311038900
311027100
248560000
538003930
215782000
538008207
273459810
229145000
671577000
677073800
372426000
671878000
312834000
312086000
256017000
215232000
538002175
710000720
366826000
303104000
538007376
229061000
566837000
538002661
219019002
525119082
241505000
229172000
246362000
538007825
538005364
477220300
419084700
357633000
370471000
477519100
256084000
248953000
218019000
533130635
316001043
636011610
211822000
636019365
538004891
353654000
370851000
518100121
538008056
538007807
367593360
710003728
367362000
538005110
538004850
345070362
345020026
241631000
309401000
256337000
354086000
371399000
248585000
229700000
477067600
538003234
209185000
636092842
538004513
667001709
408438000
636009720
229550000
235010730
574445000
308908000
308311000
538007297
209249000
229364000
366756360
316002063
377182000
408654000
377125000
477476600
538003062
371120000
215171000
210084000
325897000
667963000
215311000
309325000
210112000
352384000
229353000
538004757
356449000
256324000
511461000
538002476
256078000
210401000
241326000
377209000
319055500
567072000
367658000
209861000
256238000
538002617
312646000
210738000
538007908
477476700
235070675
235064417
235066352
538002991
244184000
229407000
477881600
230927000
538007654
265704520
730017000
538005446
538003264
636018881
511986000
339300760
219216000
219118000
219196000
219116000
257380000
219117000
229406000
273351860
215247000
419001349
248435000
256282000
351528000
211409100
229902000
241641000
314025000
565690000
477243800
235097329
367309440
366843420
538006844
351716000
229315000
356145000
477998200
229317000
538005003
311000423
357910000
538006874
538006364
572154220
567386000
477170800
577297000
354830000
248185000
229316000
538006869
244137000
538007572
362076000
259447000
314270000
419001292
248638000
351354000
370915000
219456000
351012000
241568000
370239000
370267000
370262000
356068000
373322000
667001788
538007646
248948000
353221000
538006596
215208000
244181000
374466000
319922000
372046000
538003060
311873000
249284000
538004485
215628000
538003504
255805750
636018560
477318700
636017154
636017153
477318300
636017155
477318400
636010677
215295000
229939000
370858000
572160220
538003895
212570000
567535000
352670000
636092790
211397660
533000966
503620000
356753000
241238000
657010000
710001550
374241000
312942000
229740000
564275000
511502000
373092000
215713000
249822000
229628000
671975000
249266000
408325000
538005109
538006631
218085000
236519000
229584000
229719000
352765000
249366000
563006520
477316000
477315000
538005518
538007675
538007063
538006664
538006141
538007698
353121000
371764000
373545000
352896000
352609000
372710000
371144000
354765000
419228000
419001262
419603000
355465000
538005338
312715000
229388000
477229100
215263000
636016427
512000030
211379750
538006566
249746000
210831000
214181902
408595000
671846000
538005025
235088016
477760900
311000665
215810000
477913400
373944000
356012000
352920000
249304000
311000106
248184000
477999500
241618000
370176000
351732000
538007571
312706000
319609000
370190000
538005602
538003061
218292000
374306000
319090700
419001291
538003956
248180000
369526000
636017597
538002814
229365000
240654000
249078000
310465000
357559000
215220000
209179000
241288000
566009000
538005068
538004553
249012000
319302000
215142000
215107000
249981000
477192100
229826000
211422510
235081000
408340000
369567000
370620000
256427000
538004611
538006556
245862000
503000108
503000039
511728000
249984000
312768000
620579000
249693000
249986000
636015292
636015294
636015295
636015293
408588000
617107000
356897000
229319000
636018816
351250000
667001692
215535000
477607200
566339000
245334000
211135000
518592000
373148000
533909000
373834000
229474000
636015598
215811000
477390400
477271900
477748500
477014500
477014600
316003523
477097400
477207700
477547100
477020100
477815200
477776100
316003668
477014800
477302200
477699600
477105300
477241800
477748400
477744200
477207400
477207600
477830800
477020700
477076300
477014900
477014700
477020300
316033814
477690600
477106800
477581400
316033419
477407900
477014400
477441400
477390300
636019343
309224000
354833000
477083500
218057000
229938000
256440000
352651000
566700601
256702000
373594000
354470000
440153350
370366000
440159000
352059000
371246000
248135000
351120000
671781000
271042073
236708000
236707000
236710000
372210000
236723000
566840000
567521000
367347670
256503000
248128000
212388000
212290000
564261000
566736000
209833000
636015148
357017000
374199000
636092713
636018931
636092708
229940000
368251000
636092711
352199000
636092712
567000590
567000003
567000272
229289000
357229000
311000636
373802000
373802000
211881000
212400000
212392000
235091111
235090183
235092453
235088244
248944000
209316000
538006721
353903000
351079000
350108016
211330520
564892000
538071277
533130239
248298000
241523000
354670000
303422000
215209000
538005302
241575000
533130253
248299000
370090000
567503000
249349000
538006916
248554000
477144300
256439000
538003439
657697000
371581000
319497000
244140096
667009027
232015468
232015469
375157000
565651000
565669000
566912000
538004377
538003712
538001577
538002278
538007597
538002269
538002275
538004169
538004017
538004255
538002946
538004111
538004376
538001656
657165800
538001638
538004934
538002271
538001632
538002277
538002276
538004375
538005473
538003726
538002487
212905000
538002947
538003322
538003450
210334000
232159000
229604000
276815000
503495000
572924210
538070194
441963000
338929000
244170283
311000465
224111000
247100900
253336000
710000596
374881000
354946000
247072300
319387000
377907266
538080088
563853000
256967000
563005260
316015251
352663000
273510000
605086013
211316340
538004632
218692000
235082000
235011600
218800000
667001794
211267780
244830183
271042945
341966000
525020435
441500000
258470000
525019363
440195000
271002353
725003109
431500501
431060000
431401143
725014700
725000882
259076000
440571000
431007426
431873000
431402067
230110670
431005211
244300000
511982000
308654000
441723000
440362000
374830000
441618000
440214000
440097000
441759000
440170000
525100633
431004176
432501000
431008887
431601615
431005903
431100544
311000261
432683000
257191000
431006647
431006388
431103000
258161000
725012400
440046000
431200693
613003577
370166000
477897400
372106000
477932300
372518000
352072000
373133000
431000334
431001072
431007749
355098000
353999000
355191000
440283000
431004475
431401335
431008331
219000584
441092000
440103850
440502300
431001021
276781000
271000965
248778000
371839000
219458000
220545000
236702000
525100552
566343000
257361400
259094000
271042622
636013614
636018116
205762000
370415000
431224000
211219630
236719000
273352140
538008061
249598000
311000460
231123000
636019167
677075600
677075500
538006860
563077100
271000704
215872000
255805360
636014121
370387000
248282000
247042400
257387700
377134000
370677000
620058000
273333760
345070118
345070119
249559000
247274900
636015698
511966000
538002875
533000793
533000861
273123000
511326000
538007575
636013823
273378200
275171000
370768000
525024417
563086200
636019098
212546000
357875000
242185100
258086000
235098058
525008120
366952870
431000376
567359000
567413000
567066900
567531000
567464000
353073000
431000670
431600258
431000823
431401993
470099000
356843000
431100886
525119006
431002691
431023000
564974000
566066000
563033240
564034000
362067000
636016214
657190800
248849000
232013254
565895000
248175000
373738000
377193000
366766990
362069000
431005988
431600175
440302010
441163000
441601000
440918000
440133000
441556000
211331640
441887000
311000452
235067873
229996000
370343000
422756000
422058200
238256000
636015958
553111677
566204000
525015144
248942000
312115000
273334240
249478000
477243300
229453000
311492000
249325000
271000194
319021900
240797000
215031000
311047600
311043100
311030200
371163000
636016696
351224000
311041400
248999000
636013348
376439000
538006453
636019169
354109000
311002800
636019346
319061400
355994000
215283000
273373070
351541000
273382370
273449000
710010540
273428680
533925000
533937000
256627000
533953000
533957000
533942000
533380000
533868000
533894000
533016000
533051000
533130753
636018827
525024402
351109000
357988000
355443000
525020228
525020371
240132000
710000031
710000022
701115000
311000096
224350690
224057430
271042643
271002058
525005200
225372000
636015522
273343110
373604000
533130937
533861000
372383000
431401808
351737000
636014577
353531000
311875000
273374620
273155500
235108959
235071342
311031900
636011194
235116421
207834480
636010639
235084424
373181000
235103286
248647000
235083629
232419000
235053116
235080015
636014212
311007000
371580000
235109726
376783000
319729000
235060176
538006712
370363000
311622000
311050600
311513000
319114300
228244700
376001700
235113737
257973000
235101697
256565000
273397570
273432110
273448120
273449020
477486700
341855000
636014597
224072000
255806101
422207500
353280000
273137100
273523100
577312000
355407000
440113870
441144000
664527000
664445000
664288000
664444000
664209000
664296000
271042584
229546000
538004805
271055023
209919000
672729000
538005194
477305400
372097000
477016700
538004096
477095300
477792200
477346800
538007465
477866600
477353900
477274500
538007466
477847900
477746900
261003410
261003420
563911000
356977000
351322000
441966000
357201000
273458830
565943000
461000441
422031200
422032300
457900404
403535000
339687000
311000170
354509000
636011949
636019103
636015588
538003348
636014904
423359100
319908000
565460000
422031500
422905000
405000163
466210000
466221000
466209000
466211000
466219000
466208000
466212000
423059100
423066100
235079444
477096900
273385100
463047101
232014036
450568000
355427000
677018000
422026500
518879000
370999000
371936000
354155000
667001230
228003800
572274220
414748000
477434600
477118900
477147900
477148200
352794000
477692100
477202400
477333100
477250300
477098800
477390200
477466500
477117300
477712100
477091200
477257600
311041500
477855100
477669200
477669300
354604000
356075000
218427000
371318000
477007200
256266000
375335576
353650000
477730100
413181000
576330000
308539000
248553000
413375790
273358420
273383770
566866000
273359190
525100297
419001248
419001255
419075200
413375810
477961900
477325700
477133900
563091000
247130700
470535000
622120921
477312900
450567000
316024256
371956000
271044635
425000003
403561000
463033103
367136250
232004315
370338000
636017691
212967000
308717000
366939810
312074000
636015534
219433000
477318500
230001770
235104118
413062000
354927000
416702000
667001744
413445550
414400920
563324000
374172000
374572000
371778000
312122000
413896000
312275000
312890000
667001748
412523710
413461580
667001497
352657000
667001736
412004000
412153000
412270580
413272210
354003000
309504000
414330000
414367000
576702000
246370000
636014811
271044636
417222379
319139200
244178000
314257000
422027500
403555000
248389000
413301000
414724000
413302000
413983000
413984000
414716000
431010468
414402620
413459540
273452280
431004000
273352130
414772000
431007077
356222000
309116000
431301574
351775000
431003187
432844000
636016988
431000985
432743000
431007495
431000892
311000130
374906000
374048000
431602336
431400491
667001365
440564000
431004252
431101044
431000767
432899000
431005364
431007841
431341000
431501479
431005409
431000195
431005083
431005668
431005995
432993000
431003181
431400035
356849000
431003024
431400515
431301745
431011957
431101018
533002720
533004410
533170047
533170107
525019650
431100922
432356000
432759000
636013011
431100859
431084000
431400901
431500572
431006191
431100348
431840000
431445000
431013159
431007228
431195000
431007147
431006368
431005241
431000346
431007239
432301000
431004315
431009521
432928000
431390000
431301775
431289000
431100987
636012726
431003616
311000845
431100682
432875000
441452000
441783000
431006906
431004516
431600152
431100312
431009442
431401957
432946000
370148000
477999200
636018178
477276400
431001288
431328000
431005249
477786700
431003256
431100948
431006857
431100037
525100654
525119090
230226000
525119039
248143000
356837000
431003595
367309330
341114000
431729000
256583000
431500067
431005916
412379550
477013400
413137000
441613000
432701000
257072600
212115000
431001401
431500583
431501632
247064200
355297000
431401999
431800677
422038200
431800699
431159000
431000253
431000635
431043000
351535000
210921000
626002000
253595000
351897000
431000689
431008614
431101162
431001108
431301658
431400216
374613000
636017359
352596000
431003928
477767300
431301503
431602112
431700200
209182000
229898000
431400179
671097000
257259400
370347000
431130000
431988000
432464000
431101122
431000526
432543000
431897000
431890000
431465000
431003521
431006196
431007421
431500849
431006887
273428880
538002876
273397870
273398780
273391790
273385570
273392990
319133800
215027000
312982000
431003635
432584000
431400115
431400366
477614300
312876000
412460910
667001740
667001431
414398000
414378000
667001883
370085000
373264000
432477000
431006211
671881000
671814000
413355510
667001734
667001755
374682000
477685700
325867000
431494000
339300610
339300590
667001732
414287000
431004588
431501723
423462100
567067300
355192000
351840000
636015453
563991000
256505000
374308000
677017000
248394000
236111844
273380200
273454310
273313800
463043101
247045300
273814200
273415080
273342420
273327500
515834000
353936000
636015737
636015736
249126000
310700000
310701000
249704000
249512000
310703000
249210000
249209000
229432000
310704000
538006172
372464000
310709000
310743000
310711000
249213000
256227000
256231000
256442000
249880000
209115000
236111913
256944000
259795000
258268000
355953000
235010170
256410000
255806215
232977000
235010180
373636000
353644000
370389000
538002731
255806164
256132000
247311300
355485000
249850000
248091000
374759000
255806046
255806051
356913000
255806160
255806159
372321000
255806133
256621000
372461000
255806158
255806214
374779000
357376000
244130572
255806112
255806026
209163000
605036464
312207000
356510000
636013705
211363300
246706000
305982000
259801000
257662000
212253000
636017539
316040483
565301000
259029000
257434000
259083000
316014270
311000363
311000364
710019640
710027040
259628000
311031800
259704000
257286000
710008730
316014390
636018341
258132000
257733000
257544000
636018168
311000623
258737000
259089000
257709000
205781000
636016477
273435550
273358510
244542000
311000682
306117000
306872000
372346000
636017004
538004634
636014359
246058000
538008163
209190000
273340190
525019675
477658800
371946000
273219500
259682000
273446280
636016455
304413000
636091686
248579000
229799000
248410000
215862000
366998410
367589350
369579000
247216500
257243500
266416000
219679000
209318000
357790000
229221000
248804000
636017321
256462000
241448000
740356000
238112340
248850000
538090514
319088200
258568000
636014171
276807000
230184000
265004000
259893000
236643000
235070865
371896000
636091072
257951000
538006284
538005837
538005811
538005746
440077620
319440000
309027000
257859000
367609000
538006424
667001638
319634000
374369000
538006490
431004622
538006226
538006709
538005680
538006744
538006742
355511000
538006745
538006489
311562000
319078700
258407000
565034000
311000752
230665000
259837000
636092677
372905000
538005462
356307000
371782000
538005911
477854300
477854400
533130555
373105000
214182733
477854600
219021321
538008184
249008000
477003800
231103000
356899000
304072000
370528000
477129100
538006644
538005679
353033000
477854200
311000637
312730000
538005601
477276100
231766000
352293000
538006168
215182000
431003381
355137000
636015953
232003561
372269000
477861300
477854500
308628000
538070721
511103000
477595200
311022500
357258000
667001998
423401100
354690000
636016719
373207000
236578000
538005476
538006666
248291000
636017059
308322000
667001660
248420000
308814000
538006366
538090118
422173000
770576231
477739800
247429000
353707000
565404000
667001778
378259000
219017151
566446000
566456000
240486000
311073700
565547000
305594000
272364000
273313270
256761000
237015400
248018000
211413470
277510000
218801000
367546250
228374800
229532000
258961000
205072000
253309000
538005152
273356170
438031028
316015140
271000501
230085750
271002308
525019521
355248000
566127000
564820000
525015479
563984000
372925000
525009047
525009076
564136000
564132000
525009052
525109005
525009077
525009351
563516000
370017000
525014065
565953000
565891000
525010240
312504000
354510000
566019000
374778000
353930000
247223300
563780000
563781000
563923000
563665000
525010028
563869000
251025110
525016445
256318000
304225000
219537000
533004300
636013530
538005649
356861000
538007985
477300500
564466000
538005971
245546000
538090513
372092000
533498000
205452690
431100231
355398000
353111000
441916000
477016800
477524600
636019165
636019166
440358000
441777000
441772000
441952000
441876000
440075000
440497000
440364000
441782000
477550800
374629000
441889000
636019254
542162110
229159000
357515000
422153000
667001327
477003200
477767600
477109800
477112600
311935000
477081100
477107900
477767500
477242600
477056100
636017879
351134000
431100192
357574000
431006411
445278000
367884000
249353000
353448000
225983013
431400945
319512000
431009593
371693000
431005884
319060000
269111160
538006842
622121614
567477000
235007690
249393000
248542000
370746000
241639000
567572000
567228000
205737000
273313950
211228200
209533000
538007517
564561000
563033500
316039171
232007140
354020000
273442990
538070201
356091000
245540000
251288000
316052000
316053000
238114840
331777000
331072000
538005349
273333130
230289000
477188700
477250600
477444600
370928000
477182500
352471000
477167800
477016900
477301900
477407700
477203300
372765000
477017200
477065100
477493600
477652500
477948200
477137700
372748000
477274900
477631900
477024800
477942900
477849500
477942700
477813700
357368000
477218900
477464800
477855200
477190600
477112300
374962000
477233800
477466300
477024900
477335600
477269800
477925300
355898000
477233700
355449000
477209100
477537100
355090000
477203700
477190700
356985000
477585400
477652600
310707000
377768000
377583000
368099410
642167060
525119015
538004219
249153000
273418870
273356010
316014240
357434000
601159800
273334330
273396660
440051000
305121000
231065000
257594600
258321000
257223700
352842000
533000313
525100910
525003134
257370400
305049000
677013100
245306000
219821000
266459000
246558000
258553000
373465000
235065411
710033130
258475000
352811000
311000369
710022930
257823000
257679000
258248000
258753000
258842000
258765000
258345000
311222000
710003841
710030270
311055900
257007000
258239000
259408000
259699000
351242000
311000399
257411000
311048900
257958000
258738000
710006080
257006000
259239000
258142000
710006260
257875000
710003848
259069000
710002860
259504000
710000750
257420000
235067199
232007628
259452000
258610000
257403000
710005570
265463000
311007200
265522480
258098000
230610000
249183000
373808000
636015278
229822000
525018275
316001267
671954000
237148000
215364000
671480000
230992740
273336790
367336380
667085000
577114000
259329000
620585000
314018000
305411000
220276000
636019064
240031000
249185000
351019000
231105000
273449290
725002200
725001100
533180100
311052500
257722000
257464000
259985000
259984000
259084000
311053800
257664000
259004000
257572000
370025000
258786000
258792000
259847000
258676000
258884000
259833000
258722000
258881000
259821000
356118000
357357000
354159000
538002885
259225000
231849000
226344000
257262500
273336180
212858000
538090511
374333000
441638000
355608000
441632000
370099000
441595000
440626000
441751000
636016848
319031100
355997000
373126000
374620000
357805000
440910000
538003949
441654000
671885000
353730000
352828000
373128000
671094100
373733000
353326000
246630000
538007012
563078500
440038000
440206000
353640000
354218000
319086900
249703000
725004430
538004351
241449000
249160000
538004956
248087000
370285000
440280000
304768000
636016847
245928000
244938000
258547000
563046500
657162000
231078000
272046000
677028200
249625000
273385860
273415410
503024450
548058200
210289000
503020180
566404000
567255000
563049200
219000859
251259110
258228000
563043300
563079300
566875000
357053000
245152000
319005400
463066101
548630200
566031000
563049300
553111842
209483000
463912000
367711630
367711140
338164000
338273000
636019141
205085000
304571000
305738000
304919000
305850000
305851000
215276000
304700000
229899000
229999000
256803000
246456000
567068900
503022140
657146300
463930000
210578000
503643000
408892000
277447000
210211000
408893000
373961000
244903000
503000093
567069100
441774000
710002780
257138000
244967000
273439590
730000000
636019056
374211000
477585500
373229000
440898000
345020020
345020017
345020019
345020018
538007528
636018237
374716000
374850000
357523000
374379000
370895000
319039800
247697000
441366000
210953000
352781000
538007489
538008098
440616000
636017972
249543000
710012020
249518000
316020345
419592000
352780000
316013397
345030112
308022000
249531000
311039200
205565000
710003640
636018098
636017973
374382000
636019085
636018097
370449000
538007488
636018057
636018343
636019086
273257000
273426270
511872000
567522000
374220000
261011140
261002060
261010170
261002080
261002090
261011150
261002100
261002110
261002050
636018394
538007542
636018059
345050055
355658000
636017974
636019087
525023144
525024295
525019582
636016978
636018300
374215000
367163370
636016928
354993000
370194000
636019088
470961000
231300000
636015015
247334600
247058700
247058800
247029300
247362200
247058600
247128500
247153700
247256900
441520000
370022000
245816000
422210100
231800000
235024612
375203000
319104700
245717000
371157000
422160500
273393450
533130628
356567000
273351130
431007215
373175000
351996000
636013615
538004843
265538450
525015817
276006070
219570000
525018003
241643000
538070874
636014863
273451030
265011000
357296000
538070791
218366000
247294200
636015406
219776000
220264000
258491000
576082000
636014031
257205400
257373400
357186000
538004888
538005964
636019142
538006157
311000580
636014266
352990000
319563000
248287000
266421000
613999424
366950020
538005488
636014894
538005012
372783000
477234700
477884400
247256800
636016895
214182704
248020000
671889000
636010032
566211000
211417590
377122000
311000784
266420000
312891000
273370280
273327300
235021304
374300000
238303000
319086800
249118000
353047000
613003575
257473000
257375400
636017500
255805837
257377400
636017028
257136000
518100623
258682000
311070200
308665000
209664000
636016510
205609000
273352060
244315000
245227000
341080000
273389440
636015640
341088000
205348990
205369090
311066500
311000635
311027800
309282000
311066400
311035500
311974000
311125000
311036000
311000639
309072000
311066300
311000242
311069200
311027900
622176402
255806086
304044000
271002400
271010112
271010014
636018035
636018745
538005523
636018105
538005355
538006210
538002745
538003277
538090521
538003552
538006112
538003566
636018036
636018502
538003551
636018744
538003550
538005348
248897000
538006302
248941000
248940000
538003279
538004885
477065500
352153000
228356800
422201500
319003500
236306000
305089000
574000460
211627240
230983690
636018133
311000773
236146000
224961000
564135000
312498000
538008479
241436000
636092330
210970000
636016284
636019151
248806000
565843000
538003411
353715000
311025400
255901270
477328300
273449080
257165000
677011700
273315200
273314800
273371950
518100187
312366000
214182646
273416080
273328500
273329500
273320600
273310400
273316200
273325400
273316400
273323000
273363000
273454300
273311900
273362000
620157000
312938000
273356000
214182316
273453680
273326000
273431210
636092791
219802000
247043400
256581000
244990000
636016468
431100372
241109000
431005315
431008854
431401987
352495000
671036000
235001902
235013197
369580000
240542000
468392000
431000864
255804840
431005248
351238000
538003241
255805820
311000776
636017652
374314000
257015900
354587000
563777000
563004300
353712000
432794000
565908000
563016400
373508000
431857000
353608000
352746000
355040000
477230600
371115000
565730000
248437000
636017322
567489000
566103000
566094000
563874000
563744000
636017741
636017742
366596000
352816000
357005000
355702000
574014152
518132000
564519000
636018481
431548000
229092000
538003268
538007406
247286300
636012524
574003490
538007191
214182728
352329000
431402035
431402032
205644000
249539000
636013353
319931000
219476000
273322500
620226000
431800020
431226000
311038500
431673000
576044000
229718000
667001715
440187440
525022304
525100534
525100527
246452000
224322240
224220360
224473460
224322230
224142890
224101930
319917000
368481000
304713000
304046000
255806135
304045000
305069000
548597200
548599200
548603200
548657200
548740200
548819200
548919200
548019500
258075000
257881000
257807000
259545000
259093000
257799000
374692000
257801000
259701000
258775000
419001449
250440000
259932000
257321000
257316000
257556000
371707000
258251000
257891000
257593000
636018932
257795000
259933000
273389871
636012774
235074619
273394890
273396130
403243770
367463740
370636000
257325000
259794000
259099000
257323000
273387420
273357360
244870072
369460000
235098053
636016736
563100000
572257220
572258220
311000749
351879000
240932000
241497000
636017990
538005122
247146000
244110938
538008059
211217360
636091617
572142220
247333900
305115000
566466000
245789000
211283830
211217990
211218770
211472890
525100393
525100502
525100439
525100639
255805610
373967000
372014000
214182712
671114100
212471000
244339000
511100155
244850968
518534000
319738000
566414000
520275000
366952890
232013516
316001268
209479000
512423000
636017958
232021171
255806274
209490000
232013520
311013700
372264000
538090492
636017960
232013521
247371500
636017957
235024149
232013522
232013524
232013525
503432000
503433000
376055000
232011803
316001269
248047000
209514000
258157000
367331110
273316820
273441940
273435590
725001045
247136000
431349000
372028000
636018186
564401000
354731000
351643000
374440000
238145000
375585000
304219000
725019110
567548000
525019637
525015670
538005860
367336580
273813200
565113000
565124000
538003325
354807000
477103700
577190000
477305600
373230000
357673000
440412220
372786000
477397200
354127000
371952000
477271800
477045700
354718000
477067100
319109600
372655000
374650000
357116000
477845200
477779900
477654900
353738000
477427700
477950700
477815800
356231000
538007994
477986700
477250800
354484000
477137100
373066000
477346200
477961300
538007093
245176000
351841000
636013940
311288000
477241300
316001844
245261000
319760000
311000658
636015119
538007681
319811000
356300000
366793340
636017230
374672000
249745000
419001344
525003511
567067800
567001580
567064100
567000349
567458000
419001140
525100028
538005851
538002953
511100149
255986000
309598000
205506000
538006686
538006683
538005986
538007508
538004446
538005208
538007863
538007954
538007283
374763000
538005855
538006967
538004352
440784000
419001319
419001019
419001324
419001020
419001250
419001318
419000970
419000623
419001253
419001369
419000637
419000914
419001304
440726000
419001126
441776000
659441000
232003964
441960000
440827000
636013800
366724450
538002446
636012995
273421020
273442540
211411630
257281000
259855000
366932970
577229000
311301000
246494000
305772000
246466000
229101000
255806065
257067970
209755000
273450930
257374400
209112000
311749000
477462800
373766000
248148000
657177600
511100159
232021590
232006679
232012423
232008761
232012365
232007485
354079000
229725000
311041600
657155400
375822000
376267000
375587000
377246000
377042000
377541000
377282000
376955000
377693000
374822000
235061675
548675200
304932000
247381100
276672000
373099000
574342000
311000630
538006065
538002644
538004335
538006055
229120000
256416000
372401000
246392000
538006910
257849000
229757000
620082000
357689000
525020168
319122200
236574000
246359000
538004425
367161000
636018927
566341000
440401000
538005359
636017943
538004151
248786000
538007547
304416000
538003041
351689000
245405000
538007655
538002637
229874000
538007443
353265000
319126200
538002117
566060000
354536000
257784000
538003043
257916000
538003999
372608000
377618000
311000876
319115400
248785000
258972000
538003047
636015713
353653000
538007355
538002638
538003950
319995000
355171000
257313000
538006011
259725000
259885000
353071000
538002630
258954000
258964000
356370000
538090509
354223000
256908000
538002041
257615000
257532000
257424000
636019138
257329000
258734000
538002631
257328000
538002227
354190000
422172000
257350000
257457000
257310000
257661000
422200400
311000507
257842000
538002634
566042000
311085000
375166000
538008372
210872000
477680100
257844000
258014000
563445000
441828000
548837200
258009000
258008000
258011000
538006859
538007193
258007000
248839000
538005562
538007549
258005000
538006215
257365000
538008297
538002639
636019128
538002632
372910000
538002640
538003904
538003102
357324000
258673000
538005878
636016288
538002629
256744000
371982000
538002633
710002370
710024040
538007656
710004880
710016420
248840000
538002635
257854000
671761000
355399000
538003185
538007618
273314900
538007678
352797000
256345000
374034000
538003419
431100206
229872000
538003998
311000164
311000099
304427000
319092900
538004460
538006064
249705000
311084000
566090000
636016799
620122000
310361000
311000151
566059000
563603000
636010205
538002636
440674000
339300680
566028000
366768030
319155900
636019121
538005469
538007548
518100597
319157400
538002641
355286000
566041000
566029000
636017989
538007679
357139000
538003050
311000380
636018340
566049000
525100241
538005472
256007000
209064000
440366000
273258100
538003048
311000624
244584000
368946000
338940000
503344000
205757000
245141000
377901112
249752000
258113000
259247000
259419000
572242220
259791000
259720000
370822000
352179000
219347000
259386000
248022000
259888000
244140000
273336400
259936000
440010000
574058048
574318000
512006043
235002514
374057000
273450880
563057900
372573000
235066164
249949000
572612210
248571000
636092684
319520000
230202000
538090510
373086000
538008185
210521000
246125000
241615000
304010786
235112317
246062000
636018864
215305000
209792000
276830000
258582000
235075723
251035000
257009050
259310000
259279000
304926000
247046700
248326000
239630600
231010000
241653000
636015544
230634000
314441000
230051080
275353000
565491000
566398000
725017800
355049000
565665000
247450000
620037000
566484000
566721000
538007604
563188000
356136000
565829000
566498000
319088700
228032800
246315000
566830000
564522000
219168000
246553000
245911000
246460000
636019263
538006749
305903000
305610000
538003521
353476000
353787000
351292000
374176000
304309000
371905000
538004845
538004846
370731000
305869000
538004847
538004848
538004849
304918000
538004969
538004970
538004971
371627000
353153000
304930000
538004972
354667000
370484000
355480000
370945000
370209000
351726000
351745000
256349000
563008300
538004239
244267000
249007000
235667000
230603000
235102029
235116537
235080274
235066948
235100007
310560000
310559000
310558000
235099946
265177000
232020225
235060864
235004539
219560000
232019758
244030593
219195000
235074573
266331000
219147000
235102224
244758000
247160400
235092459
310683000
235116324
310690000
235118385
310691000
310686000
232007939
235109538
232010294
310685000
235108755
232010295
265410000
235065969
235068243
311814000
265859000
311000843
310486000
310602000
310515000
310554000
310587000
310612000
310549000
310762000
310579000
310497000
236407000
265001000
266343000
232018002
311000038
232662000
311058100
310622000
310654000
235089435
235089436
310620000
310643000
636015304
244513000
246762000
258953000
266467000
265292000
311000293
311000294
538007035
538005270
538005271
636016739
310687000
257519000
236222000
236501000
259769000
236522000
236500000
258751000
236184000
236313000
257667000
257100000
236514000
236006000
259768000
636017156
273392530
366516370
577010000
538071074
265625300
316024041
710000500
257215500
211357210
325101400
636014328
636017710
207834470
219937000
219014278
367050550
257012480
235031618
515465000
538006811
311042500
249603000
352709000
441426000
311040200
241357000
232669000
538006864
212970000
209373000
538006475
538006720
538006798
538005405
538006038
538004532
538005172
538005403
538005425
538005414
538004693
538005836
538007038
538005399
538005418
538005417
538005402
538006075
538005407
538005397
538005388
538005391
538005173
605086011
538005225
538005384
538007043
538005984
538005990
538005982
538005987
538005988
538005985
538005989
538005983
538005406
538005118
538005400
538007037
538005820
538004533
538005825
257319000
538005826
538005824
538006356
538005178
538005822
538005823
538005401
538005410
538007044
538006357
538006073
538007040
538005119
538005512
538007039
538005117
657162200
538008170
538006344
538005385
538005415
538005175
538006010
538005419
538005532
538003534
304623000
565842000
538005821
636019066
538005538
538004536
538005269
538006005
538005390
538005386
538005398
538005608
538005408
538005996
538005994
538005993
538005416
538005645
538005174
538006037
538005409
538004535
538005413
538006078
538007041
538006074
538005642
538005609
636017733
538005387
538005177
538006077
538006076
538006343
538006082
538005902
538006080
538006079
538005412
538004534
538005176
538005495
538005389
538005120
538005171
538005404
538005539
538005511
538005426
563673000
538007619
229949000
667001693
231327000
273326700
273458720
273439130
273331600
273330600
273311310
273438520
273327700
273310300
273368100
273312310
563648000
548398100
563035830
563034110
563036130
353055000
367136680
214182424
477197300
253229000
209370000
563058100
657177700
249674000
563065100
440036000
209610000
367211000
265472000
212123000
211232500
311000076
503000098
636017838
319446000
319014200
319028000
232011319
232006651
235104739
477760700
636015972
636017837
636015004
319017500
232008100
636010380
636017835
319025300
319479000
319468000
319301000
636015517
319498000
232008101
319488000
319445000
636015619
319120200
319280000
319017600
244730485
319602000
235084915
319541000
636014973
235096859
319014300
235050033
319102100
636017832
319489000
319499000
319106900
636010378
319963000
235112981
636017829
636010682
235087256
636017828
636017839
232006625
232006648
636017833
319120100
244660648
232008102
636015924
538003254
319034900
244660646
319377000
636015005
235112065
232008104
235083501
319605000
319091700
319093800
319994000
235058838
235089046
244740787
352258000
319282000
319673000
235095972
235089284
319478000
235112571
636017831
636017834
319402000
319103800
319004100
319121000
319627000
636010915
319591000
636017836
319469000
636014974
477985800
319459000
319545000
636017827
636017830
319194000
319112500
477898600
319027200
636015366
636015829
319515000
636016710
636015738
477682400
319105200
636015971
238107840
259531000
538090508
538007450
357558000
538006171
257026800
352090000
259242000
538005554
577375000
341365000
319065000
258036000
538007198
244306000
212712000
331817000
257146000
246695000
440141000
236119000
244602000
311066100
257533000
371055000
372989000
441739000
563020300
236002000
311042700
563074700
228024800
538007639
636018232
512263000
316020186
525005120
533130128
533001070
512002959
533001060
564400000
256765000
311973000
211896000
257383400
248724000
259574000
212396000
538005251
563642000
564171000
564180000
565613000
565607000
566646000
565285000
563001900
563049700
563935000
563005600
563947000
564881000
565671000
235055895
235059525
436000223
374768000
538007557
259894000
257102000
257177000
259351000
636015685
212187000
261032010
616963000
211378550
351800000
374024000
247054300
566907000
351567000
249620000
273310630
257472000
259469000
259006000
259690000
257597000
258527000
231295000
257475000
258366000
259698000
258427000
259977000
258169000
257013000
258873000
273422540
240678000
374917000
244617000
636018540
309562000
367082220
257387400
219017917
228320900
503042000
273199300
226302000
518000019
574001590
548638300
431680121
211218820
251164000
368098000
207037000
273435370
355282000
546011150
538090512
657164300
225462000
356386000
224499000
271001038
273819710
548964000
354733000
538006153
230992690
259578000
235059213
538005198
419001468
518100673
525019644
525021387
525015923
525012284
525100008
212089000
525007290
533130969
304797000
271002550
374496000
636015816
231029000
220284000
236300000
431000636
255805934
636092654
538004316
538005435
538004318
538004319
538004317
232006830
538002695
671665000
311371000
371040000
431003726
374260000
374558000
271000056
271044363
308424000
257115000
273332570
257212400
257305000
219019955
368104350
303520000
431136000
357708000
256656000
353294000
373343000
431301411
457383000
271040963
229811000
636016694
215339000
255805963
572757000
431003685
374655000
431006017
431602146
431100268
431001077
431005246
431006685
431400609
431400421
431006221
431700423
431000548
431401788
431501725
432276000
431395000
538003326
354836000
538008567
319113500
374518000
538005357
538006040
210063000
205445000
370163000
309022000
538006523
356610000
636015830
354265000
304957000
255806259
372653000
309296000
538006402
356324000
538001657
305781000
309037000
371181000
566281000
441998000
440020000
636017261
440455000
441978000
258052000
355154000
305737000
244830182
246374000
370737000
667001581
431300775
431602067
431009293
431000331
431501764
431300686
431000406
431010811
431602076
431200647
441942000
441891000
312407000
440588000
477308500
256415000
440833000
441848000
440119040
441800000
352590000
538006347
510014424
311018600
351001000
441939000
373265000
538004216
356789000
309937000
231790000
265824000
265088000
371097000
257389400
259167000
374269000
355391000
356481000
538003115
636018299
357349000
431653000
477193400
477066600
440023000
374897000
441485000
351453000
232136000
232445000
371589000
372117000
354503000
248634000
353096000
248654000
538005291
249694000
356950000
312639000
372570000
538005519
441300000
312640000
636017927
613003558
441158000
431052000
431003074
354663000
440119000
440024000
667001682
566826000
370105000
374302000
357213000
357943000
538008472
370624000
636015871
356826000
431230000
353373000
538007036
440631000
355067000
440388000
319079100
374747000
355306000
440112000
371916000
310438000
374112000
636017480
319015100
352403000
636017481
311013800
319674000
538004795
620305000
574001690
311013600
565088000
372310000
441936000
354131000
538005870
566046000
566054000
440213000
372622000
356553000
351343000
477789000
311025800
311017800
370708000
311015100
563088900
565778000
371294000
367353090
304809000
667001663
441864000
273430790
218005000
511011035
371206000
371647000
440098000
441716000
319054200
215913000
352934000
304812000
374633000
477560834
357452000
440434000
230985490
246100000
567071000
376568000
311000133
538007799
240064800
371321000
538007314
240139500
224537000
240815000
240951000
224901000
235108315
239918000
237001000
247097200
370265000
477847200
355195000
636015447
548439100
235098061
239430000
247540000
538007096
249064000
373719000
538007267
538007692
538007888
373563000
240931000
306157000
548668500
371633000
354292000
240060400
259490000
258092000
370393000
312744000
308273000
308272000
308188000
538007887
538002943
538007377
238151740
431401883
338947000
538003959
564412000
215213000
357147000
419000907
775994750
567059800
525021439
657228000
228305900
215555000
525016753
538005656
273452000
725000199
576015000
245612000
413313000
245939000
228032600
309521000
525290672
431006292
367354350
259890000
305445000
219134000
352372000
577234000
244613000
219012073
220447000
257833000
636092191
441199000
441198000
230957000
229144000
230061040
626014000
419212000
224322000
273384200
636014356
240778000
375246000
355557000
273444330
636017606
412395000
304010569
431006365
356824000
431001206
431000745
431007791
431003496
371629000
355876000
312740000
308851000
265577480
257390400
235011760
273355260
257315000
338327000
265009000
265604520
258340000
211815120
259119000
257071700
636019099
211237900
244850970
255805594
219145000
331559000
211577000
257273000
238293000
238113440
238118740
238151640
538003716
229936000
423094100
273312050
355016000
247359000
273356260
525010344
273356850
503717000
232017592
316012760
232002594
219018811
235068112
760000250
235023043
760000340
701006702
235113128
503013230
231846000
235063849
231848000
503754000
503711000
235067991
219011629
378112812
701006710
231847000
235113125
235066353
235066014
235103697
503786000
232002622
760000260
232002593
232003233
232007487
316032289
701006706
235063852
503772000
231807000
461000366
377208000
377537000
760000350
235068109
232002536
263602553
235023045
235010620
503787000
219015425
232003889
219014875
231809000
235011848
235063728
235063854
503493000
273350360
227891480
273331440
273324070
273337080
238200840
245676000
273434380
525003343
511279000
375241000
272068800
273411440
273358260
273569400
273417450
620161000
273357270
273356270
214182620
273413740
620229000
457712000
525022093
245108000
255805350
244209000
309509000
308218000
419000404
212835000
371704000
565143000
306036000
309369000
538006049
538006050
311665000
477118100
477220600
565156000
636016231
419754000
419755000
419756000
419757000
419758000
419000103
419761000
419762000
374419000
210474000
212385000
309584000
265402000
308126000
370370000
248256000
373547000
210547000
352926000
370666000
212179000
345070357
565522000
345070354
345070358
306109000
311004900
309373000
374277000
553111502
671629000
565172000
566004000
564790000
565578000
565857000
566504000
564925000
566078000
374125000
374124000
374940000
212593000
372443000
209128000
310763000
319037000
373698000
457698000
538070777
503000123
548406100
319035600
244901000
311000451
256265000
636018859
257393400
319016700
211429600
667001578
209392000
212577000
210434000
305288000
236644000
235000480
477690200
249555000
237025900
241107000
636016306
309839000
636016442
319076700
565764000
431000425
431000424
311000660
244010945
244060802
244770273
244850226
244150516
244140321
244860255
244770393
247095300
247231000
247369100
477177100
477189600
533131011
371391000
477261800
477192900
247325500
247325600
247231200
247602000
247354000
247235100
431100938
431006706
431000725
431006816
229619000
636016746
241605000
636017002
241406000
241475000
431000972
431301608
431005914
431301663
431000529
538080075
319013100
636017072
