215718000
238218640
209718000
636015274
470568000
255805858
370476000
370411000
563181000
367773390
367488370
244030634
538005064
367002210
235000883
316013980
257116000
565996000
311319000
371972000
319012900
566096000
636018722
538005443
567527000
273355230
209657000
377025000
209119000
209658000
238118140
357565000
201100124
201100134
577142000
525021133
247442000
563028300
352035000
525019548
211265530
671134100
565059000
273378690
319007600
533005700
538004070
511372000
477520900
477107500
477542700
354430000
477057800
477537800
477881400
372680000
538006420
236111696
477185200
354794000
244163000
303935000
620271000
370912000
461000009
367006560
244620291
371461000
636016691
671874000
266457000
205132000
319109900
605076080
311000180
311000628
311000555
311000523
311000084
311783000
311784000
311000901
257786700
266129000
230604000
224247000
224511000
257347400
277543000
730078000
257348400
255805687
671039000
258598000
259458000
367388520
457027000
311038200
230138890
671072100
236339000
271002213
366748410
235093185
209696000
312599000
636016751
450606000
231129000
701105000
667001617
211338680
620035000
249687000
620547000
255806136
256936000
518100519
470701000
636014922
525020411
538003362
423456100
220188000
622120440
325105600
605076190
423056100
567000900
567066000
567269000
520290000
755055000
257349400
258223000
230358000
238019000
311000430
311000296
572337210
572375210
572475210
373752000
316023833
671208000
667001994
357550000
351705000
226290000
351782000
355043000
370066000
370682000
372350000
244963000
667001963
247289700
247312700
247303200
538006442
538006443
538006431
538006430
538006429
538006428
215581000
311003200
311003100
311048200
311048300
311003600
311003500
255806208
636092920
636092919
636092879
636092878
538008201
538007474
259994000
245995000
211230400
366936810
232003963
565015000
710002070
431004095
538006800
271000260
271002215
311046400
701088000
538004029
533131028
373064000
538090070
538006508
209434000
374805000
636014524
255802960
319292000
621819048
232002589
247277900
235014365
256610000
345050066
224143000
256391000
304489000
367353660
224094000
370191000
235117926
232019192
371978000
636092818
636016129
273447270
215270000
374249000
235006680
209435000
341189000
525025099
356467000
525025083
563003200
636017651
372589000
636017066
224585000
636016990
636016991
319002200
310525000
273393960
370015000
353431000
355529000
538003098
667001897
305509000
246837000
311691000
345070379
273316040
538006950
311907000
565086000
636015272
310674000
276554000
538001664
367351950
538007365
357216000
636011212
244810617
246455000
210976000
246501000
255805910
277466000
218170000
273385770
538006871
576487000
538003251
538002125
212072000
276162000
366987000
668222240
431001046
309838000
244116000
511282000
354655000
372880000
457900177
367496470
304018000
566572000
257350400
431000763
563930000
372224000
374377000
354754000
229176000
372903000
338392000
319455000
419360000
636017035
312757000
525025095
538001583
312757000
309358000
565152000
565951000
311753000
214182659
311000827
247321900
576988000
311000082
257766000
319582000
259778000
212788000
311000610
311000091
259934000
311000256
356580000
258984000
209254000
259037000
339310000
677071900
237026900
240136700
636092259
255805601
477779700
273353480
353890000
226291000
319112000
312724000
272144000
413996000
413526530
413526540
414293000
414333000
414334000
414346000
414362000
414365000
414366000
413695730
413695770
414195000
414189000
413526070
412380450
230938210
247273000
247310000
304814000
538002622
566133000
227689550
311037600
538001923
232005179
657146500
308025000
338640000
577016000
577182000
367303490
636019271
440160000
538001582
538007263
538007236
311365000
273212500
273397490
369970573
235101908
273439450
276806000
319752000
311272000
232585000
232020321
257058640
247227800
636092817
247452000
312448000
219329000
212880000
245043000
548985000
273812700
233303000
233135000
235109337
235109338
319093700
563071500
247362600
311805000
244060297
367006540
432664000
219126000
564224000
240985000
636091400
636091401
636091080
636091823
636092702
636091036
636092689
636092424
636092696
636092697
636092141
636092701
636092692
636092688
636092690
636092495
636092190
304462000
636015860
311052200
305793000
374808000
577268000
525119069
219130000
255804890
246476000
605026210
605076052
605026220
636012378
319133000
247052800
256651000
224590000
432684000
432288000
538006965
220222000
259082000
367001790
368010320
636092750
576533000
258500000
355733000
236354000
355912000
373456000
667001874
538007356
311000748
357856000
353777000
353637000
356070000
371094000
563002600
367533040
538090152
538006713
538007834
538005322
538003037
538007796
538005543
538005588
538005321
538008426
538007808
538008428
538005424
538005445
538005939
538005320
538005254
538005575
538005574
538008427
538005475
538006395
538006392
538006394
538005319
538007793
538002534
431003489
271002002
215818000
229959000
356304000
538005069
636016213
210632000
209077000
212224000
373035000
312499000
563899000
312451000
477790600
257798800
412768000
246530000
305470000
431000968
538007024
636092819
431100363
272171300
248056000
244218000
256821000
671798000
431007017
247219700
258522000
247188900
538003920
256308000
373392000
245618000
538004238
345060039
636090916
636090915
563050200
563050300
636018108
775331000
538004235
538003987
636018064
353199000
616905000
354702000
538003828
563052900
563052200
725000983
725001031
538004028
311065500
477415600
636092515
224451000
563051600
247121100
616999031
230993000
563052300
538004236
232957000
225008350
770576346
311000450
636092516
259397000
636016787
273431490
620044000
376369000
375821000
375726000
372734000
538008109
374417000
432836000
357977000
319011000
371332000
257078400
431000691
275494000
210459000
255806054
247216300
677025300
355869000
220287000
667001241
725001134
431000458
255805689
374616000
538002206
249853000
657131300
351895000
538002977
248736000
538005559
311000857
577187000
351971000
538005422
538003562
503032150
477661400
577232000
636015670
351167000
538004353
354443000
209336000
209114000
209151000
212821000
255805993
209014000
212853000
255806275
209313000
235030851
212503000
255806119
209332000
255805980
636018620
209325000
209468000
636018897
209239000
636019134
255805909
271000021
370802000
215677000
414209000
366576000
730151688
760500303
304791000
230370000
304109000
304928000
304833000
636018261
636092731
310627000
304346000
304832000
304347000
218855000
636017466
304010685
228344800
212097000
234638000
273358130
212231000
273330670
273352560
212111000
273329070
538005498
538004340
257425000
211215170
259421000
259651000
367314510
258791000
246819000
255929000
259488000
538006089
367119810
367091120
369886000
367391260
220208000
636092749
247283400
316011905
245909000
218795000
636017928
740366000
371780000
259631000
619006000
248005000
253383000
236593000
211225210
258375000
319840000
220247000
319152100
354971000
209449000
304628000
257250000
248658000
677073400
229013000
240568000
257230000
503065000
244820055
257124400
257376500
258027000
257430000
257028310
305677000
257256500
366972030
258637000
259584000
538005908
567108000
244700884
431001093
431500553
263701890
231579000
636092816
246244000
244620571
245732000
246883000
244615929
235070013
511248000
269837000
261199000
275304000
259183000
319078100
255805799
636018202
636092011
308874000
220209000
257355400
258329500
710012450
236576000
265708000
250000213
636017356
368996000
367533170
636013812
247240200
273447120
366946980
232003642
414230000
414705000
413380540
563026200
636017370
351761000
725001544
725003022
725002783
725003023
725002634
375505000
319358000
212569000
230672000
259288000
258085000
258118000
257659000
258799000
258871000
258255000
258672000
258109000
257262000
258571000
258053000
257715000
370637000
209068000
304938000
271055002
525111002
271055013
211238930
636015467
247049300
525119081
316011358
247015300
209293000
247508000
247055900
477932500
477360200
477742400
477831500
477814200
477835600
477932200
477814300
477560500
477743200
477701000
246227000
353222000
305184000
477053000
235011240
271043491
230180000
371604000
257364400
232010199
258534000
273316730
422039600
273164300
255805952
636011258
257362000
224523000
258558000
265522490
477153400
636017560
367426260
316033265
229824000
212947000
273357130
367334360
566071000
257210000
273429570
314445000
246051000
244890472
257068010
244353000
538006564
245450000
538005687
211335760
259845000
304533000
305279000
620546000
538002311
538002301
272134800
538005011
367314640
538005035
538004643
538007454
259478000
259204000
356922000
228056800
230941650
366964490
574001130
574270000
574002940
567002320
567002215
574936000
370064000
511429000
538003313
636018266
357465000
215813000
354136000
538003174
538003173
565554000
351095000
622170401
354858000
563859000
211101000
372308000
352231000
372892000
372951000
374652000
538003273
372352000
246428000
357928000
341421000
538005577
538003172
538003724
310661000
353737000
319084100
303669000
316008770
220289000
303956000
271001057
311379000
244757000
269057378
247360700
247159200
249766000
567062400
601047000
525100184
525100167
538006650
236648000
563888000
229964000
538006648
256947000
229839000
248193000
229790000
229801000
229791000
229902000
248192000
273442180
311057300
316001635
245548000
525300004
564812000
564856000
564808000
564861000
564784000
564788000
564777000
564785000
538006044
249490000
256949000
256939000
548847000
311000872
273417640
257421000
255805860
273872100
518100004
636014576
229041000
273448370
319819000
355572000
564748000
377661000
310567000
636016210
248796000
212215000
356454000
305598000
311000627
566179000
314266000
211224360
413362000
413332320
414412000
511181000
413154000
352938000
414357000
412010000
413459530
413459310
414435000
414370000
413736000
414076000
414058000
412302840
413302080
413302090
413440830
312662000
677039100
376679000
236111978
477286100
211243440
210341000
265765000
273383370
477369400
356064000
374315000
374230000
353823000
572114220
355734000
357050000
211298120
370206000
312999000
229383000
312361000
414301000
372229000
353488000
667001312
273313430
273359260
273354040
273314430
273315430
273316430
273317430
273357260
273310950
273351360
273316050
273450990
273397980
212613000
220026000
304010085
538005024
367390130
636018375
352622000
413471970
244130641
245231000
271002608
373668000
338257000
250487000
567003000
271042548
440100900
303471000
271015037
258236000
367652000
211204360
577207000
369140000
265280000
271043664
371549000
258844000
259551000
257273400
249855000
432671000
431005402
432319000
431152000
431501749
431401985
431000224
431757000
352154000
431402031
431400344
431003933
525300009
431008051
431401961
354185000
431600411
431301018
431000263
431009833
431009321
431400102
432941000
432702000
259282000
258858000
304010168
311051200
431002986
431222000
431004378
431293000
431005951
431007155
431010129
431100939
